frame,id,x,y,type
2764,231,1257.0,283.0,ped
2766,231,1257.0,283.0,ped
2768,231,1256.5,283.0,ped
2769,231,1256.5,283.0,ped
2770,231,1256.5,283.0,ped
2773,231,1257.0,283.0,ped
2774,231,1257.0,283.0,ped
2775,231,1257.0,283.0,ped
2776,231,1257.5,283.0,ped
2777,231,1257.5,283.0,ped
2778,231,1257.5,283.0,ped
2780,231,1257.5,282.0,ped
2781,231,1258.0,282.0,ped
2782,231,1257.5,282.5,ped
2783,231,1257.0,282.5,ped
2785,231,1257.0,283.0,ped
2786,231,1257.0,283.0,ped
2787,231,1257.0,283.0,ped
2791,231,1257.0,282.5,ped
2792,231,1257.0,282.5,ped
2793,231,1257.0,282.0,ped
2794,231,1257.0,282.5,ped
2795,231,1257.5,282.5,ped
2796,231,1257.5,282.5,ped
2797,231,1257.5,282.5,ped
2798,231,1257.5,282.5,ped
2799,231,1257.5,282.5,ped
2800,231,1257.5,282.5,ped
2801,231,1257.5,282.0,ped
2802,231,1257.5,282.0,ped
2803,231,1257.5,282.0,ped
2804,231,1257.5,282.0,ped
2805,231,1257.5,282.0,ped
2806,231,1257.5,282.0,ped
2807,231,1257.0,282.0,ped
2808,231,1257.0,282.0,ped
2809,231,1257.0,281.5,ped
2810,231,1257.0,281.5,ped
2811,231,1256.5,281.0,ped
2812,231,1257.0,282.0,ped
2813,231,1257.0,282.5,ped
2814,231,1257.0,282.5,ped
2815,231,1256.5,283.0,ped
2818,231,1257.0,282.5,ped
2819,231,1257.5,282.5,ped
2820,231,1257.5,282.5,ped
2821,231,1257.0,282.5,ped
2822,231,1257.0,282.5,ped
2823,231,1257.0,282.5,ped
2824,231,1257.0,282.5,ped
2825,231,1257.0,282.0,ped
2826,231,1257.0,282.0,ped
2827,231,1257.0,282.0,ped
2828,231,1257.0,282.0,ped
2829,231,1257.0,282.0,ped
2830,231,1257.0,282.0,ped
2831,231,1257.0,282.0,ped
2832,231,1257.0,282.0,ped
2833,231,1257.0,282.5,ped
2834,231,1257.0,282.5,ped
2835,231,1257.0,282.5,ped
2836,231,1257.0,282.5,ped
2837,231,1256.5,282.5,ped
2848,231,1256.5,282.0,ped
2849,231,1256.0,281.5,ped
2853,231,1236.0,284.0,ped
2854,231,1236.5,284.0,ped
2855,231,1236.0,284.0,ped
2856,231,1234.5,284.0,ped
2862,231,1256.5,282.5,ped
2863,231,1258.0,282.0,ped
2876,231,1256.5,282.5,ped
2877,231,1256.0,282.5,ped
2878,231,1256.5,282.5,ped
2879,231,1257.0,282.5,ped
2880,231,1256.5,282.0,ped
2881,231,1256.5,282.0,ped
2882,231,1256.5,282.0,ped
2883,231,1256.5,282.0,ped
2884,231,1257.0,282.0,ped
2902,231,1256.0,283.0,ped
2903,231,1255.5,283.5,ped
2904,231,1256.0,283.0,ped
2905,231,1256.0,283.0,ped
2906,231,1256.0,283.0,ped
2907,231,1256.0,283.0,ped
2934,231,1256.0,282.5,ped
2935,231,1256.0,282.5,ped
2936,231,1255.0,282.0,ped
2937,231,1255.0,282.0,ped
2938,231,1254.5,282.0,ped
2940,231,1256.5,281.0,ped
2941,231,1256.5,281.0,ped
2942,231,1256.0,280.5,ped
2943,231,1256.0,280.5,ped
2944,231,1256.5,280.0,ped
2945,231,1256.5,280.5,ped
2946,231,1257.0,280.5,ped
2947,231,1257.5,280.5,ped
2948,231,1257.5,280.5,ped
2949,231,1258.0,280.0,ped
2967,231,1259.5,281.0,ped
2968,231,1259.5,281.0,ped
2969,231,1260.0,281.0,ped
2975,231,1257.5,284.0,ped
2976,231,1257.5,284.5,ped
2977,231,1258.0,285.5,ped
2978,231,1258.0,285.5,ped
2979,231,1259.5,285.0,ped
2980,231,1259.5,285.5,ped
2981,231,1259.5,285.0,ped
2982,231,1259.5,285.0,ped
2983,231,1261.0,284.5,ped
2984,231,1262.0,285.0,ped
2985,231,1262.0,285.0,ped
2986,231,1262.0,284.5,ped
2987,231,1264.5,288.5,ped
2988,231,1264.5,288.5,ped
2989,231,1265.0,289.5,ped
2990,231,1265.0,289.5,ped
2991,231,1264.0,290.0,ped
2992,231,1264.0,290.0,ped
2993,231,1265.0,290.5,ped
2994,231,1265.0,290.5,ped
2995,231,1264.5,290.0,ped
2996,231,1264.5,290.0,ped
2997,231,1266.0,292.0,ped
2998,231,1266.0,292.0,ped
2999,231,1265.5,295.5,ped
3000,231,1265.5,294.5,ped
3001,231,1265.0,292.0,ped
3002,231,1265.0,292.0,ped
3003,231,1266.5,294.5,ped
3004,231,1266.5,295.0,ped
3005,231,1267.5,286.0,ped
3006,231,1267.5,286.0,ped
3007,231,1267.5,285.5,ped
3009,231,1267.0,281.5,ped
3010,231,1267.0,281.5,ped
3011,231,1266.5,283.0,ped
3012,231,1266.0,283.0,ped
3013,231,1266.0,282.5,ped
3015,231,1272.0,314.5,ped
3016,231,1272.5,315.5,ped
3017,231,1272.5,315.5,ped
3018,231,1272.5,315.5,ped
3019,231,1271.5,314.0,ped
3020,231,1271.0,314.5,ped
3021,231,1269.5,314.0,ped
3022,231,1270.0,314.0,ped
3023,231,1269.5,315.0,ped
3024,231,1269.5,315.0,ped
3025,231,1269.0,315.5,ped
3026,231,1269.0,315.5,ped
3027,231,1268.5,315.0,ped
3028,231,1268.5,315.0,ped
3029,231,1267.5,312.0,ped
3030,231,1267.0,312.5,ped
3031,231,1266.5,312.0,ped
3032,231,1266.5,312.0,ped
3033,231,1266.5,312.0,ped
3034,231,1266.5,311.0,ped
3035,231,1266.0,311.0,ped
3036,231,1265.5,311.0,ped
3037,231,1266.0,310.5,ped
3038,231,1265.5,310.5,ped
3039,231,1265.5,309.5,ped
3040,231,1265.0,309.5,ped
3041,231,1265.0,310.0,ped
3042,231,1265.0,310.0,ped
3044,231,1265.0,308.0,ped
3045,231,1265.0,308.0,ped
3046,231,1265.5,305.5,ped
3047,231,1265.5,305.0,ped
3048,231,1265.5,305.0,ped
3049,231,1265.0,305.0,ped
3050,231,1265.0,304.5,ped
3051,231,1265.0,304.5,ped
3052,231,1264.5,303.0,ped
3053,231,1264.5,302.5,ped
3054,231,1264.5,302.5,ped
3055,231,1264.0,301.5,ped
3056,231,1264.5,301.5,ped
3057,231,1264.0,301.5,ped
3058,231,1263.5,302.0,ped
3059,231,1263.5,302.5,ped
3060,231,1263.0,302.5,ped
3061,231,1262.5,302.0,ped
3062,231,1262.5,302.0,ped
3063,231,1262.5,302.0,ped
3064,231,1262.0,302.0,ped
3065,231,1262.0,302.0,ped
3066,231,1260.5,302.0,ped
3067,231,1260.5,302.0,ped
3068,231,1259.5,301.5,ped
3069,231,1259.5,301.5,ped
3070,231,1259.0,301.5,ped
3071,231,1259.0,301.5,ped
3072,231,1258.0,301.5,ped
3073,231,1257.5,302.0,ped
3074,231,1257.5,302.0,ped
3075,231,1258.0,301.5,ped
3076,231,1258.0,301.5,ped
3077,231,1258.0,301.5,ped
3078,231,1257.0,301.0,ped
3079,231,1257.5,300.5,ped
3080,231,1257.0,300.5,ped
3081,231,1257.0,300.5,ped
3082,231,1256.5,300.0,ped
3083,231,1256.5,299.0,ped
3084,231,1255.5,299.0,ped
3085,231,1255.5,299.0,ped
3086,231,1255.0,297.5,ped
3087,231,1255.0,297.5,ped
3088,231,1255.0,297.0,ped
3089,231,1255.0,297.0,ped
3090,231,1255.5,296.0,ped
3091,231,1255.5,295.5,ped
3092,231,1254.5,295.0,ped
3093,231,1254.5,295.0,ped
3094,231,1253.5,295.0,ped
3095,231,1253.5,295.0,ped
3096,231,1253.5,296.5,ped
3097,231,1253.5,296.5,ped
3098,231,1253.0,296.0,ped
3099,231,1253.5,295.0,ped
3100,231,1252.5,294.0,ped
3101,231,1252.5,294.0,ped
3102,231,1248.0,293.5,ped
3103,231,1248.0,293.5,ped
3104,231,1249.0,293.5,ped
3105,231,1249.0,293.5,ped
3106,231,1246.5,291.5,ped
3107,231,1246.0,291.5,ped
3108,231,1245.0,291.5,ped
3109,231,1245.0,291.5,ped
3110,231,1245.5,291.5,ped
3111,231,1245.5,291.5,ped
3112,231,1246.0,292.0,ped
3113,231,1246.0,292.5,ped
3114,231,1246.0,292.5,ped
3115,231,1246.0,292.5,ped
3116,231,1246.5,293.0,ped
3117,231,1246.0,293.5,ped
3118,231,1245.5,293.5,ped
3119,231,1246.0,293.0,ped
3120,231,1245.5,293.0,ped
3121,231,1245.0,293.0,ped
3122,231,1245.5,293.0,ped
3123,231,1245.5,293.0,ped
3124,231,1245.5,293.0,ped
3125,231,1246.0,293.0,ped
3126,231,1246.0,293.0,ped
3127,231,1246.0,293.0,ped
3128,231,1246.0,292.5,ped
3129,231,1246.0,292.5,ped
3130,231,1246.0,292.0,ped
3131,231,1246.0,291.5,ped
3132,231,1246.0,292.0,ped
3133,231,1246.0,292.0,ped
3134,231,1246.0,292.0,ped
3135,231,1246.0,292.0,ped
3136,231,1246.0,291.5,ped
3137,231,1246.0,290.5,ped
3138,231,1246.0,291.5,ped
3139,231,1246.0,291.5,ped
3140,231,1246.0,291.5,ped
3141,231,1246.5,291.5,ped
3142,231,1246.5,291.0,ped
3143,231,1247.0,291.0,ped
3144,231,1247.0,291.0,ped
3145,231,1247.0,291.0,ped
3146,231,1247.0,290.5,ped
3147,231,1247.0,291.0,ped
3148,231,1247.0,291.0,ped
3149,231,1247.0,291.0,ped
3150,231,1247.0,291.0,ped
3151,231,1247.0,291.0,ped
3152,231,1247.0,291.0,ped
3153,231,1247.0,291.0,ped
3154,231,1247.0,291.0,ped
3155,231,1247.0,291.0,ped
3156,231,1247.0,291.0,ped
3157,231,1246.5,291.0,ped
3158,231,1246.5,291.0,ped
3159,231,1247.0,291.0,ped
3160,231,1247.5,291.0,ped
3161,231,1248.0,290.5,ped
3162,231,1248.0,290.5,ped
3163,231,1248.0,290.5,ped
3164,231,1248.0,290.5,ped
3165,231,1248.5,290.5,ped
3166,231,1247.5,290.5,ped
3167,231,1247.5,290.5,ped
3168,231,1247.5,290.5,ped
3169,231,1247.5,290.5,ped
3170,231,1247.5,291.0,ped
3171,231,1248.0,291.0,ped
3172,231,1248.0,291.0,ped
3173,231,1248.0,291.0,ped
3174,231,1248.0,291.0,ped
3175,231,1247.5,291.5,ped
3176,231,1247.5,291.5,ped
3177,231,1248.0,292.0,ped
3178,231,1248.0,292.0,ped
3179,231,1248.0,292.0,ped
3180,231,1248.5,292.0,ped
3181,231,1248.5,292.0,ped
3182,231,1248.5,292.0,ped
3183,231,1248.0,292.0,ped
3184,231,1248.5,292.0,ped
3185,231,1248.5,292.0,ped
3186,231,1248.5,292.0,ped
3187,231,1248.0,292.0,ped
3188,231,1248.0,292.0,ped
3189,231,1247.5,292.0,ped
3190,231,1247.5,292.0,ped
3191,231,1247.0,292.0,ped
3192,231,1247.0,292.0,ped
3193,231,1246.5,291.5,ped
3194,231,1246.5,291.5,ped
3195,231,1246.5,291.5,ped
3196,231,1246.5,291.5,ped
3197,231,1246.5,291.5,ped
3198,231,1247.0,291.5,ped
3199,231,1247.0,291.5,ped
3200,231,1247.0,291.5,ped
3201,231,1247.0,292.0,ped
3202,231,1247.0,292.5,ped
3203,231,1247.0,292.5,ped
3204,231,1247.0,292.5,ped
3205,231,1247.0,292.5,ped
3206,231,1247.0,292.5,ped
3207,231,1247.0,292.5,ped
3208,231,1247.0,292.5,ped
3209,231,1247.0,292.5,ped
3210,231,1247.0,292.5,ped
3211,231,1247.0,292.5,ped
3212,231,1247.0,292.5,ped
3213,231,1246.5,292.5,ped
3214,231,1246.5,292.5,ped
3215,231,1246.5,292.0,ped
3216,231,1246.5,292.0,ped
3217,231,1246.5,291.5,ped
3218,231,1246.5,291.0,ped
3219,231,1246.5,292.0,ped
3220,231,1246.5,292.0,ped
3221,231,1246.0,292.0,ped
3222,231,1246.0,292.0,ped
3223,231,1246.5,292.0,ped
3224,231,1246.5,292.0,ped
3225,231,1246.0,292.0,ped
3226,231,1246.0,292.0,ped
3227,231,1246.0,292.0,ped
3228,231,1246.0,292.0,ped
3229,231,1246.0,292.0,ped
3230,231,1246.5,292.0,ped
3231,231,1246.5,292.0,ped
3232,231,1246.5,292.0,ped
3233,231,1247.0,292.0,ped
3234,231,1246.5,292.0,ped
3235,231,1246.5,292.0,ped
3236,231,1246.5,292.0,ped
3237,231,1246.5,291.5,ped
3238,231,1246.5,291.5,ped
3239,231,1246.5,291.5,ped
3240,231,1246.5,291.5,ped
3241,231,1246.5,291.5,ped
3242,231,1247.0,291.5,ped
3243,231,1247.0,291.5,ped
3244,231,1247.0,291.5,ped
3245,231,1247.0,291.5,ped
3246,231,1247.0,291.5,ped
3247,231,1246.5,291.5,ped
3248,231,1246.5,291.5,ped
3249,231,1246.5,291.5,ped
3250,231,1246.5,291.5,ped
3251,231,1247.0,291.0,ped
3252,231,1247.0,291.0,ped
3253,231,1247.0,291.0,ped
3254,231,1247.0,291.0,ped
3255,231,1247.0,291.0,ped
3256,231,1247.0,291.0,ped
3257,231,1247.0,291.0,ped
3258,231,1247.0,291.0,ped
3259,231,1247.0,291.0,ped
3260,231,1247.0,291.5,ped
3261,231,1247.0,291.5,ped
3262,231,1247.0,291.5,ped
3263,231,1247.0,291.5,ped
3264,231,1247.0,291.5,ped
3265,231,1247.0,291.5,ped
3266,231,1247.0,291.5,ped
3267,231,1247.0,291.5,ped
3268,231,1246.5,291.5,ped
3269,231,1246.5,291.5,ped
3270,231,1246.5,291.5,ped
3271,231,1246.5,291.5,ped
3272,231,1246.5,291.5,ped
3273,231,1246.5,291.5,ped
3274,231,1247.0,291.5,ped
3275,231,1246.5,291.5,ped
3276,231,1247.5,291.5,ped
3277,231,1247.5,291.5,ped
3278,231,1247.0,291.5,ped
3279,231,1246.5,291.5,ped
3280,231,1247.0,291.5,ped
3281,231,1247.0,291.5,ped
3282,231,1247.0,291.5,ped
3283,231,1247.0,291.5,ped
3284,231,1247.0,291.5,ped
3285,231,1247.0,291.5,ped
3286,231,1247.0,291.5,ped
3287,231,1247.0,291.5,ped
3288,231,1247.0,291.5,ped
3289,231,1247.0,291.5,ped
3290,231,1247.0,291.5,ped
3291,231,1247.0,291.5,ped
3292,231,1246.5,291.5,ped
3293,231,1246.5,291.5,ped
3294,231,1246.5,291.5,ped
3295,231,1246.5,291.5,ped
3296,231,1246.5,291.5,ped
3297,231,1246.5,291.5,ped
3298,231,1246.5,291.5,ped
3299,231,1246.5,291.5,ped
3300,231,1246.5,291.5,ped
3301,231,1246.5,291.5,ped
3302,231,1246.5,291.5,ped
3303,231,1246.5,291.5,ped
3304,231,1246.0,291.5,ped
3305,231,1246.0,291.5,ped
3306,231,1245.5,291.5,ped
3307,231,1245.5,291.5,ped
3308,231,1245.5,291.5,ped
3309,231,1245.5,291.5,ped
3310,231,1245.5,291.5,ped
3311,231,1245.5,291.5,ped
3312,231,1245.0,291.5,ped
3313,231,1245.0,291.5,ped
3314,231,1245.5,291.5,ped
3315,231,1245.5,291.5,ped
3316,231,1245.5,291.5,ped
3317,231,1245.5,291.5,ped
3318,231,1245.5,291.0,ped
3319,231,1245.5,291.5,ped
3320,231,1245.5,291.0,ped
3321,231,1245.5,291.0,ped
3322,231,1245.5,291.0,ped
3323,231,1245.5,291.0,ped
3324,231,1245.5,291.0,ped
3325,231,1245.5,291.0,ped
3326,231,1245.5,291.0,ped
3327,231,1245.5,291.0,ped
3328,231,1245.5,291.0,ped
3329,231,1245.5,291.0,ped
3330,231,1245.5,291.0,ped
3331,231,1245.5,291.0,ped
3332,231,1245.5,291.0,ped
3333,231,1245.5,291.0,ped
3334,231,1245.5,291.0,ped
3335,231,1245.0,291.0,ped
3336,231,1245.5,291.5,ped
3337,231,1245.5,291.5,ped
3338,231,1245.5,291.0,ped
3339,231,1245.5,291.5,ped
3340,231,1245.5,291.0,ped
3341,231,1246.0,291.0,ped
3342,231,1245.5,291.0,ped
3343,231,1245.5,291.0,ped
3344,231,1245.5,291.5,ped
3345,231,1245.5,291.5,ped
3346,231,1245.5,291.0,ped
3347,231,1245.5,291.0,ped
3348,231,1245.5,291.0,ped
3349,231,1245.5,291.5,ped
3350,231,1245.5,291.5,ped
3351,231,1245.5,291.5,ped
3352,231,1245.5,291.5,ped
3353,231,1245.5,291.0,ped
3354,231,1245.5,291.0,ped
3355,231,1245.5,291.0,ped
3356,231,1245.5,291.0,ped
3357,231,1245.5,291.0,ped
3358,231,1245.5,291.5,ped
3359,231,1245.5,291.5,ped
3360,231,1245.5,291.0,ped
3361,231,1245.5,291.0,ped
3362,231,1245.5,291.0,ped
3363,231,1245.5,291.5,ped
3364,231,1245.5,291.5,ped
3365,231,1245.5,291.0,ped
3366,231,1245.5,291.0,ped
3367,231,1245.5,291.0,ped
3368,231,1245.5,291.0,ped
3369,231,1245.5,291.0,ped
3370,231,1245.5,291.0,ped
3371,231,1245.5,291.0,ped
3372,231,1245.5,291.0,ped
3373,231,1245.5,291.0,ped
3374,231,1245.0,291.5,ped
3375,231,1245.0,291.5,ped
3376,231,1245.0,291.5,ped
3377,231,1244.5,291.0,ped
3378,231,1244.5,291.0,ped
3379,231,1245.0,291.5,ped
3380,231,1245.0,291.5,ped
3381,231,1245.5,291.5,ped
3382,231,1245.5,291.5,ped
3383,231,1246.0,292.0,ped
3384,231,1245.5,291.5,ped
3385,231,1246.5,291.0,ped
3386,231,1246.5,291.0,ped
3387,231,1247.0,290.0,ped
3388,231,1247.0,290.0,ped
3389,231,1247.0,290.5,ped
3390,231,1247.0,290.5,ped
3391,231,1246.5,290.0,ped
3392,231,1246.5,290.0,ped
3393,231,1246.5,290.0,ped
3394,231,1246.5,290.0,ped
3395,231,1245.5,290.0,ped
3396,231,1245.5,290.5,ped
3397,231,1245.5,290.5,ped
3398,231,1245.5,290.5,ped
3399,231,1246.5,291.0,ped
3400,231,1246.5,290.5,ped
3401,231,1245.5,291.0,ped
3402,231,1245.5,291.0,ped
3403,231,1245.5,291.0,ped
3404,231,1245.5,291.0,ped
3405,231,1245.5,291.0,ped
3406,231,1245.5,291.0,ped
3407,231,1245.0,291.0,ped
3408,231,1245.0,291.0,ped
3409,231,1245.0,291.5,ped
3410,231,1245.0,291.5,ped
3411,231,1245.0,291.5,ped
3412,231,1245.0,291.5,ped
3413,231,1245.0,291.5,ped
3414,231,1245.0,291.5,ped
3415,231,1245.0,291.5,ped
3416,231,1245.0,291.5,ped
3417,231,1245.0,291.5,ped
3418,231,1245.0,291.5,ped
3419,231,1245.0,291.5,ped
3420,231,1245.0,291.5,ped
3421,231,1245.0,291.0,ped
3422,231,1245.0,291.0,ped
3423,231,1245.0,291.5,ped
3424,231,1245.0,291.5,ped
3425,231,1245.0,291.0,ped
3426,231,1245.0,291.0,ped
3427,231,1245.0,291.0,ped
3428,231,1245.0,291.0,ped
3429,231,1245.0,291.0,ped
3430,231,1244.5,291.0,ped
3431,231,1244.5,291.0,ped
3432,231,1245.0,291.0,ped
3433,231,1245.0,291.5,ped
3434,231,1245.0,291.5,ped
3435,231,1244.5,291.5,ped
3436,231,1244.5,291.5,ped
3437,231,1244.5,292.0,ped
3438,231,1244.5,292.5,ped
3439,231,1244.5,291.5,ped
3440,231,1244.5,291.5,ped
3441,231,1244.5,292.0,ped
3442,231,1244.5,292.5,ped
3443,231,1244.5,292.0,ped
3444,231,1244.5,292.0,ped
3445,231,1244.5,292.0,ped
3446,231,1244.0,292.0,ped
3447,231,1244.0,292.0,ped
3448,231,1244.0,292.0,ped
3449,231,1244.0,292.0,ped
3450,231,1244.0,292.0,ped
3451,231,1244.0,292.0,ped
3452,231,1244.0,292.0,ped
3453,231,1244.0,292.0,ped
3454,231,1244.0,292.0,ped
3455,231,1244.0,292.0,ped
3456,231,1244.0,292.0,ped
3457,231,1244.0,292.0,ped
3458,231,1244.0,292.0,ped
3459,231,1244.0,292.0,ped
3460,231,1244.0,292.0,ped
3461,231,1244.0,292.0,ped
3462,231,1244.0,292.0,ped
3463,231,1244.0,292.0,ped
3464,231,1244.0,292.0,ped
3465,231,1244.0,292.0,ped
3466,231,1244.0,292.0,ped
3467,231,1244.0,292.0,ped
3468,231,1244.0,292.0,ped
3469,231,1245.0,291.5,ped
3470,231,1245.0,291.5,ped
3471,231,1244.5,291.5,ped
3472,231,1244.5,291.5,ped
3473,231,1244.5,291.5,ped
3474,231,1244.5,291.5,ped
3475,231,1244.5,291.5,ped
3476,231,1244.5,291.5,ped
3477,231,1244.5,291.5,ped
3478,231,1244.5,291.5,ped
3479,231,1244.5,291.5,ped
3480,231,1244.5,291.5,ped
3481,231,1244.5,291.5,ped
3482,231,1245.0,291.5,ped
3483,231,1245.0,291.5,ped
3484,231,1245.0,291.5,ped
3485,231,1244.0,292.0,ped
3486,231,1244.0,292.0,ped
3487,231,1244.0,292.0,ped
3488,231,1245.0,291.5,ped
3489,231,1245.0,291.5,ped
3490,231,1244.0,292.0,ped
3491,231,1244.0,292.0,ped
3492,231,1244.0,292.0,ped
3493,231,1244.0,292.0,ped
3494,231,1244.0,292.0,ped
3495,231,1244.0,292.0,ped
3496,231,1244.0,292.0,ped
3497,231,1244.0,292.0,ped
3498,231,1244.0,292.0,ped
3499,231,1244.0,292.0,ped
3500,231,1244.0,292.0,ped
3501,231,1244.5,292.0,ped
3502,231,1244.5,292.0,ped
3503,231,1244.0,292.0,ped
3504,231,1244.0,292.0,ped
3505,231,1244.0,292.0,ped
3506,231,1244.5,292.0,ped
3507,231,1244.5,292.0,ped
3508,231,1244.0,292.0,ped
3509,231,1244.0,292.0,ped
3510,231,1244.0,292.0,ped
3511,231,1244.0,292.0,ped
3512,231,1244.5,291.5,ped
3513,231,1244.5,291.5,ped
3514,231,1244.0,292.0,ped
3515,231,1244.0,292.0,ped
3516,231,1244.5,291.5,ped
3517,231,1244.0,292.0,ped
3518,231,1244.0,291.5,ped
3519,231,1243.5,291.5,ped
3520,231,1243.5,291.5,ped
3521,231,1243.5,291.5,ped
3522,231,1243.5,291.5,ped
3523,231,1243.5,291.5,ped
3524,231,1244.0,291.5,ped
3525,231,1244.0,291.5,ped
3526,231,1244.0,291.5,ped
3527,231,1244.0,291.5,ped
3528,231,1244.0,292.0,ped
3529,231,1244.0,292.0,ped
3530,231,1244.0,292.0,ped
3531,231,1243.5,292.0,ped
3532,231,1244.0,292.0,ped
3533,231,1243.5,292.0,ped
3534,231,1244.0,292.0,ped
3535,231,1244.0,292.0,ped
3536,231,1244.0,292.0,ped
3537,231,1243.5,291.5,ped
3538,231,1243.5,291.5,ped
3539,231,1243.5,291.5,ped
3540,231,1243.5,291.5,ped
3541,231,1243.5,291.5,ped
3542,231,1243.5,291.5,ped
3543,231,1243.5,291.5,ped
3544,231,1244.0,291.5,ped
3545,231,1244.0,291.5,ped
3546,231,1244.5,291.0,ped
3547,231,1244.5,291.0,ped
3548,231,1244.0,292.0,ped
3549,231,1244.0,292.0,ped
3550,231,1244.0,292.0,ped
3551,231,1244.0,291.5,ped
3552,231,1244.0,291.5,ped
3553,231,1244.0,291.0,ped
3554,231,1244.0,291.0,ped
3555,231,1244.5,291.0,ped
3556,231,1244.5,291.0,ped
3557,231,1244.5,291.5,ped
3558,231,1244.5,291.5,ped
3559,231,1244.5,291.5,ped
3560,231,1244.0,291.5,ped
3561,231,1244.0,291.5,ped
3562,231,1244.0,291.5,ped
3563,231,1244.0,291.5,ped
3564,231,1244.0,291.5,ped
3565,231,1244.0,291.5,ped
3566,231,1244.0,291.5,ped
3567,231,1244.0,291.5,ped
3568,231,1244.0,291.5,ped
3569,231,1244.0,291.0,ped
3570,231,1244.0,291.0,ped
3571,231,1244.0,291.0,ped
3572,231,1244.0,291.0,ped
3573,231,1244.5,287.5,ped
3574,231,1245.5,286.5,ped
3575,231,1245.5,286.5,ped
3576,231,1245.5,285.5,ped
3577,231,1245.5,285.5,ped
3578,231,1245.0,284.5,ped
3579,231,1245.0,284.5,ped
3580,231,1245.0,284.5,ped
3581,231,1244.0,283.0,ped
3582,231,1244.5,283.0,ped
3583,231,1244.0,283.0,ped
3584,231,1244.0,283.0,ped
3585,231,1245.0,283.5,ped
3586,231,1245.0,283.5,ped
3587,231,1245.0,283.5,ped
3588,231,1245.0,283.5,ped
3589,231,1246.0,288.0,ped
3590,231,1246.0,288.0,ped
3591,231,1245.0,288.5,ped
3592,231,1244.0,290.0,ped
3593,231,1244.0,290.0,ped
3594,231,1244.0,290.0,ped
3595,231,1244.0,289.5,ped
3596,231,1244.0,289.5,ped
3597,231,1243.5,291.0,ped
3598,231,1243.5,291.0,ped
3599,231,1243.5,291.0,ped
3600,231,1243.5,291.0,ped
3601,231,1243.5,291.0,ped
3602,231,1243.5,291.0,ped
3603,231,1244.0,290.5,ped
3604,231,1244.0,291.0,ped
3605,231,1243.5,291.5,ped
3606,231,1243.5,291.5,ped
3607,231,1243.5,291.5,ped
3608,231,1243.5,291.5,ped
3609,231,1244.0,291.5,ped
3610,231,1244.0,291.5,ped
3611,231,1244.0,291.0,ped
3612,231,1244.0,291.0,ped
3613,231,1244.0,291.5,ped
3614,231,1244.0,292.0,ped
3615,231,1244.0,291.5,ped
3616,231,1244.0,291.5,ped
3617,231,1244.5,291.5,ped
3618,231,1244.5,291.5,ped
3619,231,1244.5,291.5,ped
3620,231,1244.5,291.5,ped
3621,231,1244.5,291.5,ped
3622,231,1244.5,291.5,ped
3623,231,1244.5,291.5,ped
3624,231,1244.5,291.5,ped
3625,231,1244.5,291.5,ped
3626,231,1243.0,291.5,ped
3627,231,1243.0,291.5,ped
3628,231,1244.5,291.5,ped
3629,231,1244.0,292.0,ped
3630,231,1244.0,292.0,ped
3631,231,1244.0,292.0,ped
3632,231,1244.0,292.0,ped
3633,231,1244.0,292.0,ped
3634,231,1244.0,291.5,ped
3635,231,1244.0,291.5,ped
3636,231,1244.0,292.0,ped
3637,231,1244.0,291.0,ped
3638,231,1244.0,291.0,ped
3639,231,1244.0,291.5,ped
3640,231,1244.0,291.5,ped
3641,231,1244.0,291.5,ped
3642,231,1245.0,292.0,ped
3643,231,1245.0,292.0,ped
3644,231,1245.0,292.0,ped
3645,231,1245.0,292.0,ped
3646,231,1245.0,292.0,ped
3647,231,1245.0,292.0,ped
3648,231,1245.0,292.0,ped
3649,231,1245.0,292.0,ped
3650,231,1245.0,292.0,ped
3651,231,1245.0,292.0,ped
3652,231,1245.0,292.0,ped
3653,231,1244.5,292.0,ped
3654,231,1244.5,292.0,ped
3655,231,1244.0,292.0,ped
3656,231,1244.0,292.0,ped
3657,231,1244.5,292.0,ped
3658,231,1244.0,292.0,ped
3659,231,1244.0,292.0,ped
3660,231,1244.5,292.0,ped
3661,231,1244.5,292.0,ped
3662,231,1244.5,292.0,ped
3663,231,1244.5,292.0,ped
3664,231,1244.5,292.0,ped
3665,231,1244.5,292.0,ped
3666,231,1244.5,292.0,ped
3667,231,1244.5,292.5,ped
3668,231,1244.5,292.5,ped
3669,231,1245.0,292.5,ped
3670,231,1245.0,292.5,ped
3671,231,1245.0,292.5,ped
3672,231,1245.0,292.5,ped
3673,231,1245.0,292.5,ped
3674,231,1245.0,292.5,ped
3675,231,1245.0,292.5,ped
3676,231,1245.0,292.5,ped
3677,231,1245.0,292.5,ped
3678,231,1245.0,292.5,ped
3679,231,1245.0,292.5,ped
3680,231,1245.0,292.5,ped
3681,231,1245.0,292.5,ped
3682,231,1244.5,292.5,ped
3683,231,1244.5,292.5,ped
3684,231,1244.5,292.5,ped
3685,231,1244.5,292.5,ped
3686,231,1244.5,292.5,ped
3687,231,1244.5,292.5,ped
3688,231,1244.5,292.5,ped
3689,231,1245.0,292.5,ped
3690,231,1244.5,292.5,ped
3691,231,1244.0,292.5,ped
3692,231,1244.5,292.5,ped
3693,231,1244.5,292.5,ped
3694,231,1244.0,292.5,ped
3695,231,1244.0,292.5,ped
3696,231,1244.0,292.5,ped
3697,231,1244.0,292.5,ped
3698,231,1244.5,292.5,ped
3699,231,1244.5,292.5,ped
3700,231,1244.5,293.0,ped
3701,231,1244.5,293.0,ped
3702,231,1244.0,292.5,ped
3703,231,1244.0,292.5,ped
3704,231,1244.0,292.5,ped
3705,231,1244.0,292.5,ped
3706,231,1244.0,293.0,ped
3707,231,1244.0,293.0,ped
3708,231,1244.0,292.5,ped
3709,231,1244.0,292.0,ped
3710,231,1244.0,292.0,ped
3711,231,1244.0,292.0,ped
3712,231,1244.5,292.0,ped
3713,231,1244.5,292.0,ped
3714,231,1244.0,292.0,ped
3715,231,1244.0,292.0,ped
3716,231,1243.5,292.5,ped
3717,231,1243.5,292.0,ped
3718,231,1243.5,292.5,ped
3719,231,1243.5,292.5,ped
3720,231,1244.0,292.0,ped
3721,231,1244.5,292.5,ped
3722,231,1244.5,292.0,ped
3723,231,1244.5,291.5,ped
3724,231,1244.5,291.5,ped
3725,231,1244.5,291.5,ped
3726,231,1244.5,292.0,ped
3727,231,1244.5,292.0,ped
3728,231,1244.5,292.0,ped
3729,231,1244.0,292.0,ped
3730,231,1244.5,292.0,ped
3731,231,1244.5,292.0,ped
3732,231,1244.5,292.0,ped
3733,231,1245.0,292.0,ped
3734,231,1245.0,292.0,ped
3735,231,1245.0,292.5,ped
3736,231,1245.0,292.5,ped
3737,231,1245.0,292.5,ped
3738,231,1245.0,292.0,ped
3739,231,1245.0,292.0,ped
3740,231,1244.0,292.0,ped
3741,231,1244.0,292.0,ped
3742,231,1244.5,291.5,ped
3743,231,1244.5,291.5,ped
3744,231,1244.5,291.5,ped
3745,231,1244.5,291.5,ped
3746,231,1244.5,291.5,ped
3747,231,1244.5,291.0,ped
3748,231,1244.5,291.0,ped
3749,231,1244.5,291.0,ped
3750,231,1244.5,291.0,ped
3751,231,1244.0,291.0,ped
3752,231,1244.0,291.0,ped
3753,231,1244.0,291.5,ped
3754,231,1244.0,291.5,ped
3755,231,1244.0,291.5,ped
3756,231,1243.5,291.5,ped
3757,231,1243.5,291.5,ped
3758,231,1245.0,292.0,ped
3759,231,1245.0,292.5,ped
3760,231,1244.5,292.5,ped
3761,231,1244.5,292.5,ped
3762,231,1244.5,292.5,ped
3763,231,1244.0,291.0,ped
3764,231,1244.0,291.0,ped
3765,231,1245.0,290.5,ped
3766,231,1245.0,290.0,ped
3767,231,1245.5,290.5,ped
3768,231,1245.5,290.5,ped
3769,231,1245.0,290.5,ped
3770,231,1245.0,290.5,ped
3771,231,1245.0,291.0,ped
3772,231,1244.0,291.0,ped
3773,231,1244.0,291.0,ped
3774,231,1244.0,291.0,ped
3775,231,1244.0,291.0,ped
3776,231,1244.0,291.0,ped
3777,231,1243.5,291.0,ped
3778,231,1244.0,291.0,ped
3779,231,1244.0,291.0,ped
3780,231,1244.0,291.0,ped
3781,231,1244.0,291.5,ped
3782,231,1244.0,291.5,ped
3783,231,1244.5,291.0,ped
3784,231,1244.5,291.0,ped
3785,231,1243.5,291.5,ped
3786,231,1243.5,292.0,ped
3787,231,1244.0,291.5,ped
3788,231,1244.0,291.5,ped
3789,231,1244.5,291.5,ped
3790,231,1245.0,291.5,ped
3791,231,1245.0,291.5,ped
3792,231,1245.0,291.5,ped
3793,231,1245.0,291.5,ped
3794,231,1245.5,291.5,ped
3795,231,1245.0,292.0,ped
3796,231,1245.0,292.0,ped
3797,231,1245.0,291.5,ped
3798,231,1245.0,291.5,ped
3799,231,1245.0,292.0,ped
3800,231,1245.0,292.0,ped
3801,231,1245.0,292.0,ped
3802,231,1245.0,292.0,ped
3803,231,1245.5,292.0,ped
3804,231,1244.0,291.0,ped
3805,231,1244.0,291.0,ped
3806,231,1244.0,291.0,ped
3807,231,1245.5,292.0,ped
3808,231,1245.5,292.0,ped
3809,231,1245.5,292.0,ped
3810,231,1245.5,292.0,ped
3811,231,1245.5,292.0,ped
3812,231,1245.5,292.0,ped
3813,231,1245.0,291.5,ped
3814,231,1245.0,292.0,ped
3815,231,1245.0,292.0,ped
3816,231,1245.0,292.0,ped
3817,231,1245.0,292.0,ped
3818,231,1245.0,292.0,ped
3819,231,1245.0,292.0,ped
3820,231,1245.0,291.5,ped
3821,231,1245.0,292.0,ped
3822,231,1245.0,292.0,ped
3823,231,1245.0,292.0,ped
3824,231,1245.0,291.5,ped
3825,231,1244.5,292.0,ped
3826,231,1244.5,292.0,ped
3827,231,1244.5,291.5,ped
3828,231,1244.5,291.5,ped
3829,231,1245.0,291.5,ped
3830,231,1245.0,291.5,ped
3831,231,1245.0,291.5,ped
3832,231,1245.0,291.5,ped
3833,231,1244.5,291.0,ped
3834,231,1244.5,290.5,ped
3835,231,1244.5,291.0,ped
3836,231,1244.5,291.0,ped
3837,231,1245.0,291.0,ped
3838,231,1245.0,291.0,ped
3839,231,1245.0,291.0,ped
3840,231,1245.0,291.0,ped
3841,231,1245.0,291.0,ped
3842,231,1245.0,291.5,ped
3843,231,1245.0,291.5,ped
3844,231,1245.0,292.0,ped
3845,231,1244.5,291.5,ped
3846,231,1244.5,291.5,ped
3847,231,1245.0,292.0,ped
3848,231,1245.0,292.5,ped
3849,231,1245.0,292.0,ped
3850,231,1245.0,292.0,ped
3851,231,1245.0,292.0,ped
3852,231,1245.5,292.0,ped
3853,231,1245.5,292.0,ped
3854,231,1245.5,292.0,ped
3855,231,1245.5,292.0,ped
3856,231,1245.0,291.5,ped
3857,231,1245.0,291.5,ped
3858,231,1244.5,291.5,ped
3859,231,1244.5,291.5,ped
3860,231,1244.0,291.0,ped
3861,231,1244.0,291.0,ped
3862,231,1244.0,291.0,ped
3863,231,1244.0,291.0,ped
3864,231,1244.0,291.0,ped
3865,231,1244.0,291.0,ped
3866,231,1244.0,291.0,ped
3867,231,1244.0,291.0,ped
3868,231,1244.5,291.5,ped
3869,231,1244.5,291.0,ped
3870,231,1244.5,291.0,ped
3871,231,1244.5,291.0,ped
3872,231,1244.5,291.0,ped
3873,231,1244.5,291.0,ped
3874,231,1244.5,291.0,ped
3875,231,1244.5,291.0,ped
3876,231,1244.5,291.0,ped
3877,231,1244.5,291.0,ped
3878,231,1244.0,291.5,ped
3879,231,1244.0,291.5,ped
3880,231,1244.0,291.5,ped
3881,231,1245.0,292.0,ped
3882,231,1245.0,292.0,ped
3883,231,1245.0,292.0,ped
3884,231,1243.5,292.0,ped
3885,231,1243.5,292.0,ped
3886,231,1244.0,292.0,ped
3887,231,1244.0,292.0,ped
3888,231,1245.0,292.0,ped
3889,231,1245.0,292.0,ped
3890,231,1245.0,291.5,ped
3891,231,1245.0,291.5,ped
3892,231,1245.0,291.5,ped
3893,231,1245.0,291.5,ped
3894,231,1244.5,291.0,ped
3895,231,1244.5,291.0,ped
3896,231,1244.5,291.0,ped
3897,231,1244.5,291.0,ped
3898,231,1244.0,291.0,ped
3899,231,1244.0,291.0,ped
3900,231,1245.0,290.5,ped
3901,231,1245.0,291.0,ped
3902,231,1244.5,291.0,ped
3903,231,1244.5,291.0,ped
3904,231,1244.5,291.0,ped
3905,231,1244.5,291.0,ped
3906,231,1244.5,291.5,ped
3907,231,1244.5,291.5,ped
3908,231,1245.0,291.5,ped
3909,231,1245.0,291.5,ped
3910,231,1245.0,291.5,ped
3911,231,1245.0,291.5,ped
3912,231,1244.0,292.0,ped
3913,231,1245.0,291.5,ped
3914,231,1244.5,291.5,ped
3915,231,1244.5,291.5,ped
3916,231,1244.5,291.5,ped
3917,231,1244.5,291.5,ped
3918,231,1244.5,291.5,ped
3919,231,1244.5,291.0,ped
3920,231,1245.0,291.5,ped
3921,231,1245.0,291.5,ped
3922,231,1245.5,291.0,ped
3923,231,1245.5,291.0,ped
3924,231,1245.5,291.0,ped
3925,231,1245.5,291.0,ped
3926,231,1246.0,291.0,ped
3927,231,1246.0,291.0,ped
3928,231,1246.0,291.0,ped
3929,231,1246.0,291.0,ped
3930,231,1246.0,291.0,ped
3931,231,1246.0,291.5,ped
3932,231,1245.5,291.5,ped
3933,231,1245.5,291.5,ped
3934,231,1246.0,292.0,ped
3935,231,1246.0,292.0,ped
3936,231,1246.0,292.5,ped
3937,231,1246.0,292.5,ped
3938,231,1246.0,292.5,ped
3939,231,1246.0,292.5,ped
3940,231,1245.5,292.5,ped
3941,231,1245.5,292.0,ped
3942,231,1245.5,292.5,ped
3943,231,1245.5,292.5,ped
3944,231,1245.5,292.5,ped
3945,231,1245.5,292.5,ped
3946,231,1245.5,292.5,ped
3947,231,1245.5,292.5,ped
3948,231,1246.0,292.5,ped
3949,231,1245.0,292.5,ped
3950,231,1245.0,292.5,ped
3951,231,1245.0,292.5,ped
3952,231,1244.5,293.0,ped
3953,231,1244.5,293.5,ped
3954,231,1244.5,293.5,ped
3955,231,1244.5,293.5,ped
3956,231,1244.5,293.5,ped
3957,231,1244.5,293.5,ped
3958,231,1244.5,293.5,ped
3959,231,1244.5,293.5,ped
3960,231,1244.5,293.5,ped
3961,231,1245.0,293.0,ped
3962,231,1245.0,293.0,ped
3963,231,1245.5,293.0,ped
3964,231,1245.0,293.5,ped
3965,231,1245.0,293.5,ped
3966,231,1245.0,293.5,ped
3967,231,1244.5,293.5,ped
3968,231,1244.5,294.0,ped
3969,231,1244.5,294.0,ped
3970,231,1245.0,294.0,ped
3971,231,1245.0,294.0,ped
3972,231,1246.0,294.0,ped
3973,231,1246.0,294.0,ped
3974,231,1246.0,294.0,ped
3975,231,1246.0,294.0,ped
3976,231,1246.0,294.0,ped
3977,231,1245.0,294.0,ped
3978,231,1245.0,294.0,ped
3979,231,1245.0,293.5,ped
3980,231,1245.0,293.5,ped
3981,231,1245.0,293.5,ped
3982,231,1245.0,293.0,ped
3983,231,1245.0,293.5,ped
3984,231,1245.0,293.5,ped
3985,231,1245.5,293.5,ped
3986,231,1245.0,293.0,ped
3987,231,1245.0,292.5,ped
3988,231,1245.0,292.5,ped
3989,231,1245.0,292.5,ped
3990,231,1245.0,292.5,ped
3991,231,1246.0,292.5,ped
3992,231,1246.0,292.5,ped
3993,231,1245.0,293.0,ped
3994,231,1245.0,293.0,ped
3995,231,1245.0,293.0,ped
3996,231,1245.0,293.0,ped
3997,231,1244.5,293.5,ped
3998,231,1244.5,294.0,ped
3999,231,1243.5,293.0,ped
4000,231,1243.5,293.0,ped
4001,231,1243.5,292.5,ped
4002,231,1243.5,292.5,ped
4003,231,1243.5,292.5,ped
4004,231,1243.5,292.5,ped
4005,231,1243.5,292.5,ped
4006,231,1243.5,292.5,ped
4007,231,1243.5,292.5,ped
4008,231,1243.5,292.5,ped
4009,231,1243.5,292.5,ped
4010,231,1243.5,292.5,ped
4011,231,1243.5,293.0,ped
4012,231,1243.5,293.5,ped
4013,231,1243.5,293.0,ped
4014,231,1243.5,293.0,ped
4015,231,1243.0,293.0,ped
4016,231,1243.0,293.0,ped
4017,231,1243.5,293.0,ped
4018,231,1244.0,293.0,ped
4019,231,1244.0,293.0,ped
4020,231,1244.0,293.0,ped
4021,231,1243.5,293.0,ped
4022,231,1243.5,293.0,ped
4023,231,1244.0,293.0,ped
4024,231,1244.0,292.5,ped
4025,231,1243.5,292.5,ped
4026,231,1243.5,292.5,ped
4027,231,1243.5,292.5,ped
4028,231,1243.5,292.5,ped
4029,231,1243.5,293.0,ped
4030,231,1243.5,293.0,ped
4031,231,1243.5,292.5,ped
4032,231,1243.5,292.5,ped
4033,231,1244.0,292.5,ped
4034,231,1244.0,292.5,ped
4035,231,1244.0,292.5,ped
4036,231,1244.0,292.5,ped
4037,231,1244.0,292.5,ped
4038,231,1244.5,292.5,ped
4039,231,1244.0,292.0,ped
4040,231,1244.0,292.0,ped
4041,231,1243.5,292.0,ped
4042,231,1243.5,292.0,ped
4043,231,1244.0,292.0,ped
4044,231,1244.0,292.0,ped
4045,231,1244.0,292.0,ped
4046,231,1244.0,292.0,ped
4047,231,1244.0,292.0,ped
4048,231,1244.0,291.5,ped
4049,231,1244.0,291.5,ped
4050,231,1244.0,291.5,ped
4051,231,1244.0,291.5,ped
4052,231,1244.0,291.5,ped
4053,231,1244.0,291.5,ped
4054,231,1244.0,291.5,ped
4055,231,1244.0,291.5,ped
4056,231,1244.0,291.5,ped
4057,231,1244.0,291.5,ped
4058,231,1244.0,291.5,ped
4059,231,1244.0,291.5,ped
4060,231,1244.0,291.5,ped
4061,231,1244.0,291.5,ped
4062,231,1244.0,291.5,ped
4063,231,1244.0,291.5,ped
4064,231,1244.0,292.0,ped
4065,231,1244.0,291.5,ped
4066,231,1244.0,292.0,ped
4067,231,1244.0,292.0,ped
4068,231,1243.5,292.0,ped
4069,231,1243.5,292.0,ped
4070,231,1243.5,292.0,ped
4071,231,1243.5,292.0,ped
4072,231,1243.5,292.0,ped
4073,231,1243.5,292.0,ped
4074,231,1243.5,291.5,ped
4075,231,1243.5,292.0,ped
4076,231,1243.5,292.0,ped
4077,231,1243.5,292.0,ped
4078,231,1243.5,291.5,ped
4079,231,1243.5,291.5,ped
4080,231,1243.5,292.0,ped
4081,231,1243.5,292.0,ped
4082,231,1244.0,292.0,ped
4083,231,1244.0,292.0,ped
4084,231,1244.0,292.0,ped
4085,231,1244.0,292.0,ped
4086,231,1244.0,292.0,ped
4087,231,1244.0,292.0,ped
4088,231,1244.0,292.0,ped
4089,231,1244.0,292.0,ped
4090,231,1244.0,292.0,ped
4091,231,1244.0,292.0,ped
4092,231,1243.5,291.5,ped
4093,231,1243.5,291.5,ped
4094,231,1244.0,292.0,ped
4095,231,1244.0,292.0,ped
4096,231,1244.0,292.0,ped
4097,231,1244.0,292.0,ped
4098,231,1243.5,292.0,ped
4099,231,1243.5,292.0,ped
4100,231,1243.5,292.0,ped
4101,231,1243.5,292.0,ped
4102,231,1244.0,292.0,ped
4103,231,1244.0,292.0,ped
4104,231,1243.5,292.0,ped
4105,231,1243.5,292.0,ped
4106,231,1244.0,292.0,ped
4107,231,1244.0,292.0,ped
4108,231,1244.0,292.0,ped
4109,231,1244.0,292.0,ped
4110,231,1244.0,292.0,ped
4111,231,1244.0,292.0,ped
4112,231,1244.0,292.0,ped
4113,231,1244.0,292.0,ped
4114,231,1244.5,292.0,ped
4115,231,1244.0,292.0,ped
4116,231,1244.0,292.0,ped
4117,231,1244.0,292.0,ped
4118,231,1244.5,292.0,ped
4119,231,1244.5,292.0,ped
4120,231,1244.5,292.0,ped
4121,231,1244.0,292.0,ped
4122,231,1244.5,292.0,ped
4123,231,1244.5,292.0,ped
4124,231,1244.0,292.0,ped
4125,231,1244.5,292.0,ped
4126,231,1244.5,292.5,ped
4127,231,1244.5,292.5,ped
4128,231,1244.0,292.5,ped
4129,231,1244.0,292.5,ped
4130,231,1244.5,292.0,ped
4131,231,1244.5,292.0,ped
4132,231,1244.5,292.0,ped
4133,231,1245.0,292.5,ped
4134,231,1245.0,292.5,ped
4135,231,1245.0,292.0,ped
4136,231,1244.5,292.0,ped
4137,231,1244.5,292.0,ped
4138,231,1244.5,292.0,ped
4139,231,1244.5,292.0,ped
4140,231,1244.5,292.0,ped
4141,231,1244.5,292.0,ped
4142,231,1244.5,292.0,ped
4143,231,1244.5,292.0,ped
4144,231,1244.5,292.0,ped
4145,231,1244.5,292.0,ped
4146,231,1243.5,291.5,ped
4147,231,1243.5,291.5,ped
4148,231,1243.5,291.5,ped
4149,231,1243.5,291.0,ped
4150,231,1243.5,291.0,ped
4151,231,1244.0,291.0,ped
4152,231,1244.0,291.0,ped
4153,231,1244.0,291.0,ped
4154,231,1243.0,291.0,ped
4155,231,1243.5,291.0,ped
4156,231,1243.0,291.5,ped
4157,231,1243.0,291.5,ped
4158,231,1243.0,291.0,ped
4159,231,1243.0,291.0,ped
4160,231,1244.5,292.5,ped
4161,231,1244.5,293.0,ped
4162,231,1244.5,293.0,ped
4163,231,1243.0,290.5,ped
4164,231,1243.0,290.0,ped
4165,231,1243.0,290.0,ped
4166,231,1243.0,289.5,ped
4167,231,1244.0,289.5,ped
4168,231,1244.0,290.0,ped
4169,231,1244.0,290.0,ped
4170,231,1244.0,290.0,ped
4171,231,1244.5,290.0,ped
4172,231,1244.0,290.5,ped
4173,231,1244.0,290.5,ped
4174,231,1244.0,290.0,ped
4175,231,1244.0,289.5,ped
4176,231,1244.0,290.0,ped
4177,231,1244.0,290.5,ped
4178,231,1244.0,290.5,ped
4179,231,1244.0,290.5,ped
4180,231,1244.0,290.5,ped
4181,231,1243.5,290.0,ped
4182,231,1243.5,290.5,ped
4183,231,1243.5,290.5,ped
4184,231,1243.5,291.0,ped
4185,231,1243.5,291.0,ped
4186,231,1243.5,291.0,ped
4187,231,1242.5,291.0,ped
4188,231,1242.5,291.0,ped
4189,231,1243.5,291.0,ped
4190,231,1244.5,291.5,ped
4191,231,1244.5,291.5,ped
4192,231,1244.5,291.5,ped
4193,231,1244.5,291.0,ped
4194,231,1244.5,291.0,ped
4195,231,1243.0,291.0,ped
4196,231,1243.0,291.0,ped
4197,231,1243.0,291.0,ped
4198,231,1243.0,291.0,ped
4199,231,1243.0,291.0,ped
4200,231,1243.0,291.0,ped
4201,231,1244.5,291.0,ped
4202,231,1244.5,291.0,ped
4203,231,1244.5,291.5,ped
4204,231,1244.5,291.5,ped
4205,231,1244.5,291.5,ped
4206,231,1244.5,291.5,ped
4207,231,1244.0,291.0,ped
4208,231,1244.0,291.0,ped
4209,231,1243.5,291.0,ped
4210,231,1243.5,291.0,ped
4211,231,1243.5,291.5,ped
4212,231,1243.5,291.5,ped
4213,231,1243.5,291.5,ped
4214,231,1243.5,291.5,ped
4215,231,1243.5,291.5,ped
4216,231,1243.5,291.5,ped
4217,231,1244.0,291.5,ped
4218,231,1244.0,291.5,ped
4219,231,1244.0,291.5,ped
4220,231,1244.0,291.5,ped
4221,231,1244.0,292.0,ped
4222,231,1244.0,292.0,ped
4223,231,1244.0,291.5,ped
4224,231,1243.5,292.0,ped
4225,231,1244.0,292.0,ped
4226,231,1244.0,292.0,ped
4227,231,1244.5,292.0,ped
4228,231,1244.5,292.0,ped
4229,231,1244.5,292.0,ped
4230,231,1244.5,292.0,ped
4231,231,1243.5,292.0,ped
4232,231,1243.5,292.0,ped
4233,231,1243.5,292.0,ped
4234,231,1243.5,292.0,ped
4235,231,1244.0,292.0,ped
4236,231,1244.0,292.0,ped
4237,231,1243.5,292.5,ped
4238,231,1243.5,292.5,ped
4239,231,1243.5,292.5,ped
4240,231,1243.5,292.0,ped
4241,231,1243.5,291.5,ped
4242,231,1243.5,292.0,ped
4243,231,1243.5,292.0,ped
4244,231,1243.5,292.0,ped
4245,231,1244.0,292.0,ped
4246,231,1244.0,292.0,ped
4247,231,1244.5,293.0,ped
4248,231,1244.5,292.5,ped
4249,231,1244.5,292.5,ped
4250,231,1244.5,292.5,ped
4251,231,1244.0,292.0,ped
4252,231,1244.0,292.0,ped
4253,231,1244.0,292.0,ped
4254,231,1243.5,292.0,ped
4255,231,1243.5,292.0,ped
4256,231,1244.0,292.0,ped
4257,231,1244.0,292.0,ped
4258,231,1244.0,292.0,ped
4259,231,1244.0,292.0,ped
4260,231,1243.5,292.0,ped
4261,231,1243.5,291.5,ped
4262,231,1243.5,291.5,ped
4263,231,1243.0,292.0,ped
4264,231,1243.0,292.0,ped
4265,231,1243.5,292.0,ped
4266,231,1243.5,292.0,ped
4267,231,1243.5,292.0,ped
4268,231,1243.5,292.0,ped
4269,231,1243.5,292.0,ped
4270,231,1243.5,292.0,ped
4271,231,1243.5,292.0,ped
4272,231,1243.5,292.0,ped
4273,231,1243.5,292.0,ped
4274,231,1243.5,290.0,ped
4275,231,1243.5,290.0,ped
4276,231,1243.5,289.5,ped
4277,231,1243.5,289.5,ped
4278,231,1243.5,288.5,ped
4279,231,1243.5,288.5,ped
4280,231,1243.5,288.5,ped
4281,231,1243.5,290.0,ped
4282,231,1243.5,290.0,ped
4283,231,1243.5,291.0,ped
4284,231,1243.5,291.0,ped
4285,231,1243.5,291.0,ped
4286,231,1243.5,289.5,ped
4287,231,1243.5,289.5,ped
4288,231,1243.0,290.0,ped
4289,231,1243.0,290.5,ped
4290,231,1243.5,290.5,ped
4291,231,1243.5,290.5,ped
4292,231,1243.5,290.5,ped
4293,231,1243.5,290.5,ped
4294,231,1243.5,291.5,ped
4295,231,1243.5,291.5,ped
4296,231,1243.5,291.5,ped
4297,231,1243.5,291.5,ped
4298,231,1243.5,291.5,ped
4299,231,1243.5,291.5,ped
4300,231,1243.5,291.5,ped
4301,231,1243.5,291.5,ped
4302,231,1243.5,291.5,ped
4303,231,1243.5,291.5,ped
4304,231,1243.5,291.5,ped
4305,231,1243.5,291.5,ped
4306,231,1243.5,291.5,ped
4307,231,1243.5,291.5,ped
4308,231,1243.5,291.5,ped
4309,231,1243.5,291.5,ped
4310,231,1243.5,291.5,ped
4311,231,1243.5,291.5,ped
4312,231,1243.0,292.0,ped
4313,231,1243.0,292.0,ped
4314,231,1243.0,291.5,ped
4315,231,1243.0,291.5,ped
4316,231,1243.0,291.5,ped
4317,231,1243.0,291.5,ped
4318,231,1243.5,291.5,ped
4319,231,1243.5,291.5,ped
4320,231,1243.5,291.0,ped
4321,231,1243.5,291.0,ped
4322,231,1243.0,290.5,ped
4323,231,1243.0,290.5,ped
4324,231,1243.0,290.5,ped
4325,231,1243.0,290.5,ped
4326,231,1243.5,290.5,ped
4327,231,1243.5,290.5,ped
4328,231,1244.0,290.5,ped
4329,231,1244.0,290.5,ped
4330,231,1244.0,290.5,ped
4331,231,1244.5,290.0,ped
4332,231,1244.5,289.5,ped
4333,231,1244.5,290.0,ped
4334,231,1244.5,289.5,ped
4335,231,1244.0,289.5,ped
4336,231,1244.5,289.5,ped
4337,231,1244.5,289.5,ped
4338,231,1244.5,289.5,ped
4339,231,1244.0,289.5,ped
4340,231,1244.5,289.0,ped
4341,231,1244.5,289.0,ped
4342,231,1244.0,288.5,ped
4343,231,1244.0,288.0,ped
4344,231,1244.0,288.0,ped
4345,231,1244.0,288.5,ped
4346,231,1244.0,288.0,ped
4347,231,1243.5,288.0,ped
4348,231,1243.0,287.5,ped
4349,231,1242.5,288.0,ped
4350,231,1243.0,288.0,ped
4351,231,1243.0,288.0,ped
4352,231,1243.0,287.5,ped
4353,231,1243.0,287.5,ped
4354,231,1242.5,288.0,ped
4355,231,1242.5,288.0,ped
4356,231,1240.5,288.0,ped
4357,231,1240.5,288.0,ped
4358,231,1239.5,288.0,ped
4359,231,1239.5,288.0,ped
4360,231,1239.5,288.0,ped
4361,231,1236.5,287.5,ped
4362,231,1236.5,287.5,ped
4363,231,1235.5,287.5,ped
4364,231,1236.0,287.5,ped
4365,231,1235.0,288.0,ped
4366,231,1235.0,288.0,ped
4367,231,1233.5,287.5,ped
4368,231,1234.0,287.0,ped
4369,231,1234.0,287.0,ped
4370,231,1233.5,287.0,ped
4371,231,1233.5,287.5,ped
4372,231,1229.5,288.0,ped
4373,231,1229.5,288.0,ped
4374,231,1229.5,288.0,ped
4375,231,1228.5,290.0,ped
4376,231,1228.5,290.0,ped
4377,231,1227.5,290.5,ped
4378,231,1227.0,290.5,ped
4379,231,1224.5,291.5,ped
4380,231,1224.5,291.5,ped
4381,231,1226.5,290.0,ped
4382,231,1226.5,290.0,ped
4383,231,1224.0,291.5,ped
4384,231,1223.5,292.5,ped
4385,231,1221.5,292.5,ped
4386,231,1220.5,291.0,ped
4387,231,1220.5,291.0,ped
4388,231,1218.5,290.0,ped
4389,231,1218.5,290.0,ped
4390,231,1218.5,290.0,ped
4391,231,1216.5,290.0,ped
4392,231,1216.5,290.0,ped
4393,231,1213.0,286.5,ped
4394,231,1213.0,287.0,ped
4395,231,1209.5,290.0,ped
4396,231,1209.5,290.0,ped
4397,231,1204.0,291.5,ped
4398,231,1204.0,291.5,ped
4399,231,1201.5,289.0,ped
4400,231,1201.5,289.0,ped
4401,231,1196.0,288.0,ped
4402,231,1196.0,287.5,ped
4403,231,1194.0,286.5,ped
4404,231,1192.5,286.5,ped
4405,231,1192.5,286.5,ped
4406,231,1192.5,286.5,ped
4407,231,1191.0,285.0,ped
4408,231,1191.0,285.0,ped
4409,231,1190.0,286.5,ped
4410,231,1190.0,286.5,ped
4411,231,1188.5,286.5,ped
4412,231,1188.5,286.5,ped
4413,231,1188.0,286.5,ped
4414,231,1188.0,286.5,ped
4415,231,1187.0,285.5,ped
4416,231,1187.5,285.5,ped
4417,231,1185.5,285.0,ped
4418,231,1185.5,285.0,ped
4419,231,1184.0,284.5,ped
4420,231,1184.0,283.5,ped
4421,231,1182.0,284.5,ped
4422,231,1182.0,285.0,ped
4423,231,1178.5,285.5,ped
4424,231,1178.5,285.5,ped
4425,231,1173.5,286.0,ped
4426,231,1173.5,286.0,ped
4427,231,1170.0,286.5,ped
4428,231,1170.0,286.5,ped
4429,231,1168.5,285.5,ped
4430,231,1168.5,285.5,ped
4431,231,1166.5,285.5,ped
4432,231,1166.5,285.5,ped
4433,231,1164.0,284.5,ped
4434,231,1164.0,284.5,ped
4435,231,1162.0,286.0,ped
4436,231,1162.0,286.0,ped
4437,231,1162.0,286.0,ped
4438,231,1161.0,286.0,ped
4439,231,1159.0,285.5,ped
4440,231,1159.0,285.0,ped
4441,231,1158.5,284.0,ped
4442,231,1158.5,284.0,ped
4443,231,1157.0,284.5,ped
4444,231,1157.0,284.5,ped
4445,231,1156.0,283.0,ped
4446,231,1156.0,283.0,ped
4447,231,1154.0,281.5,ped
4448,231,1154.0,281.5,ped
4449,231,1149.5,281.5,ped
4450,231,1149.5,281.5,ped
4451,231,1149.5,281.5,ped
4452,231,1146.0,281.5,ped
4453,231,1146.0,281.5,ped
4454,231,1141.5,278.0,ped
4455,231,1141.5,278.0,ped
4456,231,1138.0,277.0,ped
4457,231,1135.0,276.5,ped
4458,231,1135.0,277.0,ped
4459,231,1133.0,278.0,ped
4460,231,1133.0,277.5,ped
4461,231,1130.5,277.0,ped
4462,231,1130.5,277.0,ped
4463,231,1129.0,276.5,ped
4464,231,1129.0,276.5,ped
4465,231,1129.0,276.5,ped
4466,231,1128.0,276.0,ped
4467,231,1127.5,275.5,ped
4468,231,1126.5,276.0,ped
4469,231,1126.5,276.0,ped
4470,231,1125.5,274.5,ped
4471,231,1125.5,274.5,ped
4472,231,1124.5,272.0,ped
4473,231,1124.5,272.0,ped
4474,231,1124.5,272.5,ped
4475,231,1123.5,272.0,ped
4476,231,1123.5,272.0,ped
4477,231,1122.5,270.0,ped
4478,231,1122.5,270.0,ped
4479,231,1117.5,271.5,ped
4480,231,1117.5,271.5,ped
4481,231,1117.5,271.5,ped
4482,231,1112.5,275.0,ped
4483,231,1112.5,275.0,ped
4484,231,1108.5,274.5,ped
4485,231,1108.5,274.5,ped
4486,231,1104.5,274.0,ped
4487,231,1104.5,274.0,ped
4488,231,1102.0,273.0,ped
4489,231,1102.0,273.0,ped
4490,231,1099.0,273.5,ped
4491,231,1098.5,273.5,ped
4492,231,1098.5,273.0,ped
4493,231,1096.0,273.5,ped
4494,231,1096.0,273.5,ped
4495,231,1095.5,273.5,ped
4496,231,1095.5,273.5,ped
4497,231,1095.5,273.5,ped
4498,231,1095.0,273.5,ped
4499,231,1095.0,273.5,ped
4500,231,1095.0,268.0,ped
4501,231,1095.5,267.5,ped
4502,231,1094.0,266.0,ped
4503,231,1094.0,265.5,ped
4504,231,1091.5,266.0,ped
4505,231,1091.5,266.0,ped
4506,231,1090.0,264.5,ped
4507,231,1090.0,264.5,ped
4508,231,1086.0,268.0,ped
4509,231,1085.5,267.5,ped
4510,231,1080.0,266.5,ped
4511,231,1080.0,266.5,ped
4512,231,1076.0,268.5,ped
4513,231,1076.0,268.5,ped
4514,231,1072.5,266.5,ped
4515,231,1072.5,266.5,ped
4516,231,1071.0,266.5,ped
4517,231,1071.0,266.5,ped
4518,231,1068.0,266.5,ped
4519,231,1067.5,266.5,ped
4520,231,1065.5,266.0,ped
4521,231,1065.5,266.0,ped
4522,231,1063.0,263.5,ped
4523,231,1062.5,263.0,ped
4524,231,1061.5,262.0,ped
4525,231,1061.5,261.5,ped
4526,231,1061.5,261.5,ped
4527,231,1060.5,264.5,ped
4528,231,1059.0,264.0,ped
4529,231,1059.0,264.0,ped
4530,231,1058.0,263.5,ped
4531,231,1058.0,263.5,ped
4532,231,1057.5,261.0,ped
4533,231,1057.0,261.0,ped
4534,231,1054.0,262.0,ped
4535,231,1054.0,262.0,ped
4536,231,1050.5,261.0,ped
4537,231,1051.0,262.0,ped
4538,231,1047.5,261.5,ped
4539,231,1047.5,261.0,ped
4540,231,1042.5,262.0,ped
4541,231,1042.5,262.0,ped
4542,231,1042.5,262.0,ped
4543,231,1038.5,263.0,ped
4544,231,1038.0,263.0,ped
4545,231,1035.0,261.5,ped
4546,231,1032.0,263.0,ped
4547,231,1032.0,263.0,ped
4548,231,1029.0,261.5,ped
4549,231,1029.0,261.5,ped
4550,231,1028.0,261.0,ped
4551,231,1028.0,261.0,ped
4552,231,1027.5,261.0,ped
4553,231,1027.5,261.0,ped
4554,231,1026.0,261.0,ped
4555,231,1026.0,261.0,ped
4556,231,1024.5,260.5,ped
4557,231,1024.0,260.0,ped
4558,231,1024.0,260.0,ped
4559,231,1024.0,259.5,ped
4560,231,1024.0,258.5,ped
4561,231,1021.5,258.5,ped
4562,231,1021.5,258.5,ped
4563,231,1017.5,259.0,ped
4564,231,1016.0,259.0,ped
4565,231,1016.0,259.0,ped
4566,231,1011.5,258.0,ped
4567,231,1011.5,258.5,ped
4568,231,1007.5,257.0,ped
4569,231,1007.5,257.0,ped
4570,231,1002.0,255.0,ped
4571,231,1002.0,255.0,ped
4572,231,1002.0,255.0,ped
4573,231,999.0,256.0,ped
4574,231,999.0,256.0,ped
4575,231,995.0,256.5,ped
4576,231,995.0,256.5,ped
4577,231,993.0,256.0,ped
4578,231,993.0,256.0,ped
4579,231,992.0,256.5,ped
4580,231,991.5,256.5,ped
4581,231,991.5,256.0,ped
4582,231,989.0,256.0,ped
4583,231,989.0,256.0,ped
4584,231,986.5,255.0,ped
4585,231,986.5,255.0,ped
4586,231,983.5,255.5,ped
4587,231,983.0,255.5,ped
4588,231,983.0,255.5,ped
4589,231,982.0,255.5,ped
4590,231,982.0,255.5,ped
4591,231,979.5,252.5,ped
4592,231,977.0,254.0,ped
4593,231,977.0,254.0,ped
4594,231,977.0,254.0,ped
4595,231,973.5,254.5,ped
4596,231,973.5,254.5,ped
4597,231,972.5,254.0,ped
4598,231,972.5,253.5,ped
4599,231,967.0,253.5,ped
4600,231,967.0,253.5,ped
4601,231,962.5,253.0,ped
4602,231,962.5,253.0,ped
4603,231,960.5,253.5,ped
4604,231,960.5,253.5,ped
4605,231,959.0,254.0,ped
4606,231,959.0,254.5,ped
4607,231,955.5,253.5,ped
4608,231,955.5,253.5,ped
4609,231,954.0,253.0,ped
4610,231,954.0,252.5,ped
4611,231,951.5,252.5,ped
4612,231,951.5,252.5,ped
4613,231,949.5,254.0,ped
4614,231,949.5,254.5,ped
4615,231,946.5,252.0,ped
4616,231,946.5,251.5,ped
4617,231,941.0,250.0,ped
4618,231,941.0,250.0,ped
4619,231,939.0,248.5,ped
4620,231,939.0,249.0,ped
4621,231,935.0,248.5,ped
4622,231,935.0,248.5,ped
4623,231,936.0,249.0,ped
4624,231,936.5,249.0,ped
4625,231,936.5,249.0,ped
4626,231,935.0,247.5,ped
4627,231,930.0,246.0,ped
4628,231,929.5,245.5,ped
4629,231,925.5,247.0,ped
4630,231,925.5,247.0,ped
4631,231,921.5,247.5,ped
4632,231,921.5,247.5,ped
4633,231,920.0,246.0,ped
4634,231,919.5,245.5,ped
4635,231,916.5,247.5,ped
4636,231,916.5,247.5,ped
4637,231,915.0,247.0,ped
4638,231,915.0,247.0,ped
4639,231,914.0,245.5,ped
4640,231,913.5,245.0,ped
4641,231,913.5,245.0,ped
4642,231,912.5,246.0,ped
4643,231,912.5,246.0,ped
4644,231,909.5,246.5,ped
4645,231,906.5,245.5,ped
4646,231,906.5,245.5,ped
4647,231,904.0,244.5,ped
4648,231,904.0,244.0,ped
4649,231,901.5,243.0,ped
4650,231,901.5,243.0,ped
4651,231,898.5,243.0,ped
4652,231,898.5,243.0,ped
4653,231,895.0,241.5,ped
4654,231,895.0,241.5,ped
4655,231,895.0,241.5,ped
4656,231,893.0,244.5,ped
4657,231,893.0,244.5,ped
4658,231,891.0,244.0,ped
4659,231,891.0,244.0,ped
4660,231,887.0,242.5,ped
4661,231,887.0,242.5,ped
4662,231,881.0,241.0,ped
4663,231,878.5,239.5,ped
4664,231,878.5,239.5,ped
4665,231,877.5,241.5,ped
4666,231,877.5,241.5,ped
4667,231,874.5,243.0,ped
4668,231,874.5,243.0,ped
4669,231,873.0,244.0,ped
4670,231,873.0,244.0,ped
4671,231,873.0,244.0,ped
4672,231,870.5,244.0,ped
4673,231,870.5,244.0,ped
4674,231,869.0,243.5,ped
4675,231,869.0,243.0,ped
4676,231,866.5,242.5,ped
4677,231,866.5,242.0,ped
4678,231,863.5,240.5,ped
4679,231,863.0,240.5,ped
4680,231,860.0,240.5,ped
4681,231,855.0,241.5,ped
4682,231,854.5,241.5,ped
4683,231,851.5,240.0,ped
4684,231,851.0,239.5,ped
4685,231,851.0,239.5,ped
4686,231,848.0,239.5,ped
4687,231,848.0,239.5,ped
4688,231,843.0,239.0,ped
4689,231,843.0,239.0,ped
4690,231,839.5,240.5,ped
4691,231,839.0,240.5,ped
4692,231,837.5,240.0,ped
4693,231,837.5,240.0,ped
4694,231,834.5,240.0,ped
4695,231,834.5,240.0,ped
4696,231,834.0,240.0,ped
4697,231,833.5,240.0,ped
4698,231,831.5,239.5,ped
4699,231,830.0,240.0,ped
4700,231,830.0,240.0,ped
4701,231,830.0,240.0,ped
4702,231,827.5,240.0,ped
4703,231,827.5,240.0,ped
4704,231,824.5,240.5,ped
4705,231,824.5,240.5,ped
4706,231,821.5,239.0,ped
4707,231,821.0,239.0,ped
4708,231,819.5,238.5,ped
4709,231,819.5,238.0,ped
4710,231,815.5,237.5,ped
4711,231,815.5,237.5,ped
4712,231,812.5,238.0,ped
4713,231,812.0,238.0,ped
4714,231,808.5,237.5,ped
4715,231,808.5,237.5,ped
4716,231,804.5,237.0,ped
4717,231,804.0,237.0,ped
4718,231,801.0,236.0,ped
4719,231,801.0,236.0,ped
4720,231,798.5,237.0,ped
4721,231,798.5,237.0,ped
4722,231,794.5,236.5,ped
4723,231,794.0,236.5,ped
4724,231,793.5,236.0,ped
4725,231,793.5,236.0,ped
4726,231,793.0,235.5,ped
4727,231,793.0,235.0,ped
4728,231,791.0,234.5,ped
4729,231,790.5,234.0,ped
4730,231,788.0,234.5,ped
4731,231,788.0,234.5,ped
4732,231,788.0,234.5,ped
4733,231,787.0,233.0,ped
4734,231,783.0,233.0,ped
4735,231,783.0,233.0,ped
4736,231,780.5,229.5,ped
4737,231,780.5,229.0,ped
4738,231,777.5,228.5,ped
4739,231,777.5,228.5,ped
4740,231,776.5,228.5,ped
4741,231,776.5,228.5,ped
4742,231,775.0,229.5,ped
4743,231,775.0,229.0,ped
4744,231,775.0,230.5,ped
4745,231,775.0,230.5,ped
4746,231,774.0,230.5,ped
