frame,id,x,y,type
2242,128,965.0,115.5,ped
2243,128,965.0,115.5,ped
2244,128,965.0,116.0,ped
2245,128,965.0,116.0,ped
2246,128,963.5,115.5,ped
2247,128,961.5,114.5,ped
2248,128,961.5,114.5,ped
2249,128,961.0,114.5,ped
2250,128,961.0,114.5,ped
2251,128,960.5,114.5,ped
2252,128,960.5,114.5,ped
2253,128,960.5,114.5,ped
2254,128,959.0,114.0,ped
2255,128,959.0,114.0,ped
2256,128,958.5,114.0,ped
2257,128,958.5,114.0,ped
2258,128,958.0,114.0,ped
2259,128,958.0,114.0,ped
2260,128,957.0,113.5,ped
2261,128,957.0,113.5,ped
2262,128,956.5,114.0,ped
2263,128,956.5,113.5,ped
2264,128,956.0,113.5,ped
2265,128,955.5,113.5,ped
2266,128,955.5,113.5,ped
2267,128,955.0,113.5,ped
2268,128,955.0,113.5,ped
2269,128,955.0,113.5,ped
2270,128,954.0,114.5,ped
2271,128,954.0,114.5,ped
2272,128,953.0,114.5,ped
2273,128,953.0,114.5,ped
2274,128,951.5,115.0,ped
2275,128,951.5,115.0,ped
2276,128,951.5,115.0,ped
2277,128,951.5,115.0,ped
2278,128,951.0,115.0,ped
2279,128,951.0,115.0,ped
2280,128,951.0,115.0,ped
2281,128,951.0,115.0,ped
2282,128,950.5,115.0,ped
2283,128,950.5,115.0,ped
2284,128,950.5,115.0,ped
2285,128,950.5,115.0,ped
2286,128,950.5,115.5,ped
2287,128,950.5,115.5,ped
2288,128,950.5,115.5,ped
2289,128,950.5,115.5,ped
2290,128,950.5,116.0,ped
2291,128,950.5,116.0,ped
2292,128,950.5,115.5,ped
2293,128,950.5,115.5,ped
2294,128,951.0,115.5,ped
2295,128,951.0,115.5,ped
2296,128,951.0,115.5,ped
2297,128,951.0,115.5,ped
2298,128,950.5,115.5,ped
2299,128,950.5,115.5,ped
2300,128,950.5,115.5,ped
2301,128,950.5,116.0,ped
2302,128,951.0,116.0,ped
2303,128,951.0,116.0,ped
2304,128,951.0,116.0,ped
2305,128,951.0,116.0,ped
2306,128,951.0,116.0,ped
2307,128,951.0,116.0,ped
2308,128,951.0,116.0,ped
2309,128,951.0,116.0,ped
2310,128,951.0,115.5,ped
2311,128,951.0,115.5,ped
2312,128,951.0,115.5,ped
2313,128,951.0,115.5,ped
2314,128,951.0,115.5,ped
2315,128,950.5,115.0,ped
2316,128,950.5,115.0,ped
2317,128,950.5,115.0,ped
2318,128,950.5,115.0,ped
2319,128,950.5,115.0,ped
2320,128,950.5,115.0,ped
2321,128,950.0,115.0,ped
2322,128,950.5,115.5,ped
2323,128,950.5,116.0,ped
2324,128,950.5,116.0,ped
2325,128,950.5,116.0,ped
2326,128,950.5,116.0,ped
2327,128,950.5,116.0,ped
2328,128,950.5,116.0,ped
2329,128,950.5,116.0,ped
2330,128,950.5,116.0,ped
2331,128,951.0,116.0,ped
2332,128,951.0,116.0,ped
2333,128,950.5,116.0,ped
2334,128,950.5,116.0,ped
2335,128,950.5,115.5,ped
2336,128,950.5,115.5,ped
2337,128,950.5,115.5,ped
2338,128,951.0,115.5,ped
2339,128,951.0,115.5,ped
2340,128,951.0,115.5,ped
2341,128,951.0,115.5,ped
2342,128,951.0,115.5,ped
2343,128,951.0,116.0,ped
2344,128,951.0,116.0,ped
2345,128,951.0,116.0,ped
2346,128,951.0,116.0,ped
2347,128,951.0,116.0,ped
2348,128,951.0,116.0,ped
2349,128,951.0,116.0,ped
2350,128,951.0,116.0,ped
2351,128,951.0,116.0,ped
2352,128,951.0,116.0,ped
2353,128,951.0,116.0,ped
2354,128,951.0,116.0,ped
2355,128,951.0,116.0,ped
2356,128,950.5,115.5,ped
2357,128,950.5,115.5,ped
2358,128,950.5,115.5,ped
2359,128,950.0,115.5,ped
2360,128,950.0,115.5,ped
2361,128,950.0,115.5,ped
2362,128,950.0,115.5,ped
2363,128,950.5,115.5,ped
2364,128,950.5,115.5,ped
2365,128,950.5,115.5,ped
2366,128,950.5,115.5,ped
2367,128,950.5,115.0,ped
2368,128,950.5,115.0,ped
2369,128,950.5,115.0,ped
2370,128,950.5,115.0,ped
2371,128,950.5,115.0,ped
2372,128,950.5,115.0,ped
2373,128,950.5,115.0,ped
2374,128,950.5,115.0,ped
2375,128,950.5,115.0,ped
2376,128,950.5,115.0,ped
2377,128,950.5,115.5,ped
2378,128,950.5,115.5,ped
2379,128,950.5,116.0,ped
2380,128,950.5,116.5,ped
2381,128,950.5,116.5,ped
2382,128,950.5,116.5,ped
2383,128,950.5,115.5,ped
2384,128,950.5,115.5,ped
2385,128,950.5,116.0,ped
2386,128,950.5,116.0,ped
2387,128,950.5,116.0,ped
2388,128,950.5,116.0,ped
2389,128,950.5,115.5,ped
2390,128,950.0,115.5,ped
2391,128,950.0,115.5,ped
2392,128,950.0,115.5,ped
2393,128,950.0,115.5,ped
2394,128,950.0,115.5,ped
2395,128,950.5,115.5,ped
2396,128,950.5,115.5,ped
2397,128,950.5,115.5,ped
2398,128,950.5,115.5,ped
2399,128,950.0,115.5,ped
2400,128,950.0,115.5,ped
2401,128,950.5,116.0,ped
2402,128,950.5,116.0,ped
2403,128,950.5,116.0,ped
2404,128,950.5,116.0,ped
2405,128,950.5,116.0,ped
2406,128,950.5,116.0,ped
2407,128,950.5,116.0,ped
2408,128,950.5,116.0,ped
2409,128,950.5,115.5,ped
2410,128,950.5,115.5,ped
2411,128,950.5,115.5,ped
2412,128,950.5,115.5,ped
2413,128,950.5,115.5,ped
2414,128,950.5,115.5,ped
2415,128,950.5,116.0,ped
2416,128,950.5,116.0,ped
2417,128,950.5,116.0,ped
2418,128,950.5,116.0,ped
2419,128,950.5,116.0,ped
2420,128,950.5,116.0,ped
2421,128,950.5,115.5,ped
2422,128,950.5,115.5,ped
2423,128,950.5,116.0,ped
2424,128,950.5,116.0,ped
2425,128,950.5,116.0,ped
2426,128,950.5,116.0,ped
2427,128,950.5,116.0,ped
2428,128,950.5,116.0,ped
2429,128,950.5,116.0,ped
2430,128,950.5,115.5,ped
2431,128,950.5,115.5,ped
2432,128,950.5,115.5,ped
2433,128,950.5,115.5,ped
2434,128,950.5,115.5,ped
2435,128,950.0,115.5,ped
2436,128,950.0,115.5,ped
2437,128,950.0,115.5,ped
2438,128,950.0,115.5,ped
2439,128,950.0,115.5,ped
2440,128,950.5,115.5,ped
2441,128,950.5,115.5,ped
2442,128,950.5,115.5,ped
2443,128,950.5,115.5,ped
2444,128,950.5,115.5,ped
2445,128,950.5,115.5,ped
2446,128,950.5,115.5,ped
2447,128,950.5,115.5,ped
2448,128,950.5,115.5,ped
2449,128,950.5,115.5,ped
2450,128,950.5,115.5,ped
2451,128,950.5,115.5,ped
2452,128,950.5,115.5,ped
2453,128,950.5,115.5,ped
2454,128,950.5,115.5,ped
2455,128,950.5,115.5,ped
2456,128,950.5,115.5,ped
2457,128,950.5,115.5,ped
2458,128,950.5,115.5,ped
2459,128,950.5,115.5,ped
2460,128,950.5,115.5,ped
2461,128,950.5,115.5,ped
2462,128,950.5,115.5,ped
2463,128,950.5,115.5,ped
2464,128,950.5,115.5,ped
2465,128,950.5,115.5,ped
2466,128,950.5,115.5,ped
2467,128,950.5,115.5,ped
2468,128,950.5,115.5,ped
2469,128,950.5,115.5,ped
2470,128,950.5,115.5,ped
2471,128,950.5,115.5,ped
2472,128,950.5,115.5,ped
2473,128,950.5,115.5,ped
2474,128,950.5,115.5,ped
2475,128,950.5,115.5,ped
2476,128,950.5,115.5,ped
2477,128,950.5,115.5,ped
2478,128,950.5,115.5,ped
2479,128,950.5,115.5,ped
2480,128,950.5,115.5,ped
2481,128,950.5,115.5,ped
2482,128,950.5,115.5,ped
2483,128,950.5,115.0,ped
2484,128,950.5,115.0,ped
2485,128,950.5,115.0,ped
2486,128,950.5,115.0,ped
2487,128,951.0,115.0,ped
2488,128,950.5,115.0,ped
2489,128,950.5,115.0,ped
2490,128,951.0,115.0,ped
2491,128,951.0,115.0,ped
2492,128,951.0,115.0,ped
2493,128,951.0,115.0,ped
2494,128,950.5,115.0,ped
2495,128,950.5,115.0,ped
2496,128,951.0,115.0,ped
2497,128,951.0,115.0,ped
2498,128,950.5,115.0,ped
2499,128,950.5,115.0,ped
2500,128,950.5,115.0,ped
2501,128,950.5,115.5,ped
2502,128,950.5,115.5,ped
2503,128,950.5,115.5,ped
2504,128,950.5,115.5,ped
2505,128,950.5,115.5,ped
2506,128,950.5,115.5,ped
2507,128,950.5,115.5,ped
2508,128,950.5,115.5,ped
2509,128,950.5,115.5,ped
2510,128,950.5,115.5,ped
2511,128,950.5,115.5,ped
2512,128,950.5,115.5,ped
2513,128,950.5,115.5,ped
2514,128,950.5,115.5,ped
2515,128,950.5,115.5,ped
2516,128,950.5,115.5,ped
2517,128,951.0,115.5,ped
2518,128,951.0,115.5,ped
2519,128,951.0,115.5,ped
2520,128,951.0,115.5,ped
2521,128,951.0,115.5,ped
2522,128,951.0,115.5,ped
2523,128,951.0,115.5,ped
2524,128,951.0,115.5,ped
2525,128,951.0,115.5,ped
2526,128,951.0,115.5,ped
2527,128,951.0,115.5,ped
2528,128,951.0,115.5,ped
2529,128,951.0,115.5,ped
2530,128,951.0,115.5,ped
2531,128,951.0,115.5,ped
2532,128,951.0,115.5,ped
2533,128,951.0,115.5,ped
2534,128,951.0,115.5,ped
2535,128,951.0,115.5,ped
2536,128,951.0,115.5,ped
2537,128,951.0,115.5,ped
2538,128,951.0,115.5,ped
2539,128,951.0,115.5,ped
2540,128,951.0,115.5,ped
2541,128,951.0,115.5,ped
2542,128,951.0,115.5,ped
2543,128,951.0,115.5,ped
2544,128,951.0,115.5,ped
2545,128,951.0,115.5,ped
2546,128,951.0,115.5,ped
2547,128,951.0,115.5,ped
2548,128,950.5,115.5,ped
2549,128,951.0,115.5,ped
2550,128,951.0,115.5,ped
2551,128,951.0,115.5,ped
2552,128,951.0,115.5,ped
2553,128,950.5,115.5,ped
2554,128,950.5,116.0,ped
2555,128,950.5,116.0,ped
2556,128,950.5,116.0,ped
2557,128,951.0,115.5,ped
2558,128,951.0,115.5,ped
2559,128,950.5,116.0,ped
2560,128,950.5,116.0,ped
2561,128,950.5,116.0,ped
2562,128,950.5,116.0,ped
2563,128,950.5,116.0,ped
2564,128,950.5,116.0,ped
2565,128,950.5,116.0,ped
2566,128,950.5,116.0,ped
2567,128,950.5,116.0,ped
2568,128,950.5,116.0,ped
2569,128,950.5,116.0,ped
2570,128,950.5,116.0,ped
2571,128,950.5,116.0,ped
2572,128,950.5,116.0,ped
2573,128,950.5,115.5,ped
2574,128,950.5,115.5,ped
2575,128,950.5,116.0,ped
2576,128,950.5,116.0,ped
2577,128,950.5,115.5,ped
2578,128,950.5,115.5,ped
2579,128,950.5,116.0,ped
2580,128,950.5,116.0,ped
2581,128,950.5,116.0,ped
2582,128,950.5,116.0,ped
2583,128,950.5,116.0,ped
2584,128,950.5,116.0,ped
2585,128,950.5,116.0,ped
2586,128,950.5,116.0,ped
2587,128,950.5,116.0,ped
2588,128,950.5,116.0,ped
2589,128,950.5,116.0,ped
2590,128,950.5,116.0,ped
2591,128,950.5,116.0,ped
2592,128,950.5,116.0,ped
2593,128,950.5,116.0,ped
2594,128,950.5,116.0,ped
2595,128,950.5,116.0,ped
2596,128,950.5,116.0,ped
2597,128,950.5,116.0,ped
2598,128,950.5,116.0,ped
2599,128,950.5,116.0,ped
2600,128,950.5,116.0,ped
2601,128,950.5,116.0,ped
2602,128,950.5,116.0,ped
2603,128,950.5,116.0,ped
2604,128,950.5,116.0,ped
2605,128,950.5,116.0,ped
2606,128,950.5,116.0,ped
2607,128,950.5,116.0,ped
2608,128,950.5,116.0,ped
2609,128,950.5,116.0,ped
2610,128,950.5,116.0,ped
2611,128,950.5,116.0,ped
2612,128,950.5,116.0,ped
2613,128,950.5,116.0,ped
2614,128,950.5,116.0,ped
2615,128,950.5,116.0,ped
2616,128,950.5,116.0,ped
2617,128,950.5,116.0,ped
2618,128,950.5,116.0,ped
2619,128,950.5,116.0,ped
2620,128,950.5,116.0,ped
2621,128,950.5,116.0,ped
2622,128,950.5,116.0,ped
2623,128,950.5,116.0,ped
2624,128,950.5,116.0,ped
2625,128,950.5,116.0,ped
2626,128,950.5,116.0,ped
2627,128,950.5,116.0,ped
2628,128,950.5,116.0,ped
2629,128,950.5,116.0,ped
2630,128,950.5,116.0,ped
2631,128,950.5,116.0,ped
2632,128,950.5,116.0,ped
2633,128,950.5,116.0,ped
2634,128,950.5,116.0,ped
2635,128,950.5,116.0,ped
2636,128,950.5,116.0,ped
2637,128,950.5,116.0,ped
2638,128,950.5,116.0,ped
2639,128,950.5,116.0,ped
2640,128,950.5,116.0,ped
2641,128,950.5,116.0,ped
2642,128,950.5,116.0,ped
2643,128,950.5,116.0,ped
2644,128,950.5,116.0,ped
2645,128,950.5,116.0,ped
2646,128,950.5,116.0,ped
2647,128,950.5,116.0,ped
2648,128,950.5,116.0,ped
2649,128,950.5,116.0,ped
2650,128,950.5,116.0,ped
2651,128,950.5,116.0,ped
2652,128,950.5,116.0,ped
2653,128,950.5,116.0,ped
2654,128,950.5,116.0,ped
2655,128,950.5,116.0,ped
2656,128,950.5,116.0,ped
2657,128,950.5,116.0,ped
2658,128,950.5,116.0,ped
2659,128,950.5,116.0,ped
2660,128,950.5,116.0,ped
2661,128,950.5,116.0,ped
2662,128,950.5,116.0,ped
2663,128,950.5,116.0,ped
2664,128,950.5,116.0,ped
2665,128,950.5,116.0,ped
2666,128,950.5,116.0,ped
2667,128,950.5,116.0,ped
2668,128,950.5,116.0,ped
2669,128,950.5,116.0,ped
2670,128,950.5,115.5,ped
2671,128,950.5,116.0,ped
2672,128,950.5,116.0,ped
2673,128,950.5,116.0,ped
2674,128,950.5,116.0,ped
2675,128,950.5,116.0,ped
2676,128,950.5,116.0,ped
2677,128,950.5,116.0,ped
2678,128,950.5,116.0,ped
2679,128,950.5,116.0,ped
2680,128,950.5,116.0,ped
2681,128,950.5,116.0,ped
2682,128,950.5,116.0,ped
2683,128,950.5,116.0,ped
2684,128,950.5,116.0,ped
2685,128,950.5,116.0,ped
2686,128,950.5,116.0,ped
2687,128,950.5,116.0,ped
2688,128,950.5,116.0,ped
2689,128,950.5,116.0,ped
2690,128,950.5,116.0,ped
2691,128,950.5,116.0,ped
2692,128,950.5,116.0,ped
2693,128,950.5,116.0,ped
2694,128,950.5,116.0,ped
2695,128,950.5,116.0,ped
2696,128,950.5,116.0,ped
2697,128,950.5,116.0,ped
2698,128,950.5,116.0,ped
2699,128,950.5,116.0,ped
2700,128,950.5,116.0,ped
2701,128,950.5,116.0,ped
2702,128,950.5,116.0,ped
2703,128,950.5,116.0,ped
2704,128,950.5,116.0,ped
2705,128,950.5,116.0,ped
2706,128,950.5,116.0,ped
2707,128,950.5,116.0,ped
2708,128,950.5,116.0,ped
2709,128,950.5,116.0,ped
2710,128,950.5,116.0,ped
2711,128,950.5,116.0,ped
2712,128,950.5,116.0,ped
2713,128,950.5,116.0,ped
2714,128,950.5,116.0,ped
2715,128,950.5,116.0,ped
2716,128,950.5,116.0,ped
2717,128,950.5,116.0,ped
2718,128,950.5,116.0,ped
2719,128,950.5,116.0,ped
2720,128,950.5,116.0,ped
2721,128,950.5,116.0,ped
2722,128,950.5,116.0,ped
2723,128,950.5,116.0,ped
2724,128,950.5,116.0,ped
2725,128,950.5,116.0,ped
2726,128,950.5,116.0,ped
2727,128,950.0,116.0,ped
2728,128,950.0,116.0,ped
2729,128,950.0,116.0,ped
2730,128,950.0,115.5,ped
2731,128,950.0,115.5,ped
2732,128,950.0,115.5,ped
2733,128,950.0,115.5,ped
2734,128,950.0,115.5,ped
2735,128,950.0,115.5,ped
2736,128,950.0,115.5,ped
2737,128,950.0,115.5,ped
2738,128,950.0,115.5,ped
2739,128,950.0,115.5,ped
2740,128,950.0,115.5,ped
2741,128,950.0,115.5,ped
2742,128,950.0,115.5,ped
2743,128,950.0,115.5,ped
2744,128,950.0,115.5,ped
2745,128,950.0,115.0,ped
2746,128,950.0,115.0,ped
2747,128,950.0,115.0,ped
2748,128,950.0,115.0,ped
2749,128,950.0,115.0,ped
2750,128,950.0,115.0,ped
2751,128,950.0,115.0,ped
2752,128,950.0,115.0,ped
2753,128,950.0,114.5,ped
2754,128,950.0,114.5,ped
2755,128,950.0,114.0,ped
2756,128,950.0,114.0,ped
2757,128,950.5,114.0,ped
2758,128,950.5,114.0,ped
2759,128,950.5,114.0,ped
2760,128,950.5,114.0,ped
2761,128,950.5,114.0,ped
2762,128,950.5,114.0,ped
2763,128,950.0,114.0,ped
2764,128,950.5,114.0,ped
2765,128,950.0,114.0,ped
2766,128,950.5,114.0,ped
2767,128,950.5,114.0,ped
2768,128,950.5,113.5,ped
2769,128,950.5,113.5,ped
2770,128,950.5,113.5,ped
2771,128,951.0,113.0,ped
2772,128,951.0,113.5,ped
2773,128,951.0,113.0,ped
2774,128,951.0,112.5,ped
2775,128,951.0,112.5,ped
2776,128,951.0,112.5,ped
2777,128,951.0,112.5,ped
2778,128,951.0,112.5,ped
2779,128,951.5,112.5,ped
2780,128,951.5,112.5,ped
2781,128,951.5,112.5,ped
2782,128,952.0,112.5,ped
2783,128,952.0,112.0,ped
2784,128,952.0,112.0,ped
2785,128,952.0,112.5,ped
2786,128,952.0,112.5,ped
2787,128,952.0,112.5,ped
2788,128,952.0,112.5,ped
2789,128,951.5,113.0,ped
2790,128,951.5,113.0,ped
2791,128,952.0,113.0,ped
2792,128,952.0,113.0,ped
2793,128,951.5,114.0,ped
2794,128,951.5,114.0,ped
2795,128,951.0,114.0,ped
2796,128,951.0,114.0,ped
2797,128,951.0,113.5,ped
2798,128,951.0,113.5,ped
2799,128,951.0,113.5,ped
2800,128,951.0,113.5,ped
2801,128,950.5,114.0,ped
2802,128,950.5,114.0,ped
2803,128,951.5,113.5,ped
2804,128,951.5,114.0,ped
2805,128,951.5,114.5,ped
2806,128,951.5,114.5,ped
2807,128,951.5,114.0,ped
2808,128,951.5,114.0,ped
2809,128,951.5,113.5,ped
2810,128,951.5,113.5,ped
2811,128,951.5,114.0,ped
2812,128,951.5,114.0,ped
2813,128,951.5,114.0,ped
2814,128,952.5,114.5,ped
2815,128,952.5,115.0,ped
2816,128,952.5,115.0,ped
2817,128,952.5,115.5,ped
2818,128,952.5,116.0,ped
2819,128,952.0,115.5,ped
2820,128,952.0,115.5,ped
2821,128,952.5,115.5,ped
2822,128,952.5,115.5,ped
2823,128,954.5,116.0,ped
2824,128,954.5,116.0,ped
2825,128,955.0,116.0,ped
2826,128,955.0,116.0,ped
2827,128,956.0,115.5,ped
2828,128,956.0,115.5,ped
2829,128,956.0,116.0,ped
2830,128,957.0,115.5,ped
2831,128,957.0,115.5,ped
2832,128,957.0,115.5,ped
2833,128,957.0,115.5,ped
2834,128,956.5,115.5,ped
2835,128,956.5,115.5,ped
2836,128,956.5,115.5,ped
2837,128,956.0,115.5,ped
2838,128,956.0,115.5,ped
2839,128,955.5,115.5,ped
2840,128,955.5,115.5,ped
2841,128,955.0,115.0,ped
2842,128,955.0,115.0,ped
2843,128,955.0,115.0,ped
2844,128,954.5,115.0,ped
2845,128,954.5,115.0,ped
2846,128,955.0,115.0,ped
2847,128,955.0,115.0,ped
2848,128,955.0,115.0,ped
2849,128,955.0,115.0,ped
2850,128,954.5,115.0,ped
2851,128,954.5,115.0,ped
2852,128,954.5,115.5,ped
2853,128,954.0,115.5,ped
2854,128,954.0,115.5,ped
2855,128,954.5,115.5,ped
2856,128,954.5,115.5,ped
2857,128,954.5,115.5,ped
2858,128,954.5,115.5,ped
2859,128,954.5,115.5,ped
2860,128,954.5,115.0,ped
2861,128,954.5,115.0,ped
2862,128,954.5,115.0,ped
2863,128,954.5,115.0,ped
2864,128,954.0,115.0,ped
2865,128,954.0,115.0,ped
2866,128,953.5,115.5,ped
2867,128,953.5,115.5,ped
2868,128,953.5,115.5,ped
2869,128,953.5,115.5,ped
2870,128,953.0,115.0,ped
2871,128,952.5,115.0,ped
2872,128,952.5,115.0,ped
2873,128,952.0,115.0,ped
2874,128,952.0,115.0,ped
2875,128,952.0,115.0,ped
2876,128,951.5,115.0,ped
2877,128,951.5,115.0,ped
2878,128,951.5,115.0,ped
2879,128,951.5,115.0,ped
2880,128,951.5,115.0,ped
2881,128,951.5,115.0,ped
2882,128,951.0,115.0,ped
2883,128,951.0,115.0,ped
2884,128,951.0,116.0,ped
2885,128,951.0,116.0,ped
2886,128,950.5,115.5,ped
2887,128,950.5,115.5,ped
2888,128,951.5,116.0,ped
2889,128,951.5,116.0,ped
2890,128,951.0,116.0,ped
2891,128,951.0,116.0,ped
2892,128,951.0,116.0,ped
2893,128,951.0,116.0,ped
2894,128,951.0,116.0,ped
2895,128,951.0,116.0,ped
2896,128,951.0,116.0,ped
2897,128,951.0,116.0,ped
2898,128,950.5,116.0,ped
2899,128,950.5,116.0,ped
2900,128,950.5,116.0,ped
2901,128,950.5,116.0,ped
2902,128,950.5,116.0,ped
2903,128,950.5,116.0,ped
2904,128,950.5,116.0,ped
2905,128,950.5,116.0,ped
2906,128,950.5,116.0,ped
2907,128,950.5,116.0,ped
2908,128,950.5,116.0,ped
2909,128,950.5,116.0,ped
2910,128,950.5,116.0,ped
2911,128,950.5,116.0,ped
2912,128,950.5,116.0,ped
2913,128,950.5,116.0,ped
2914,128,950.5,116.0,ped
2915,128,950.5,116.0,ped
2916,128,950.5,116.0,ped
2917,128,950.5,116.0,ped
2918,128,950.5,116.0,ped
2919,128,950.5,116.0,ped
2920,128,950.5,116.0,ped
2921,128,950.5,116.0,ped
2922,128,950.5,116.0,ped
2923,128,950.0,116.0,ped
2924,128,950.0,116.0,ped
2925,128,950.5,116.0,ped
2926,128,950.5,116.0,ped
2927,128,950.5,116.0,ped
2928,128,950.5,116.0,ped
2929,128,950.5,116.0,ped
2930,128,950.5,116.0,ped
2931,128,950.5,116.0,ped
2932,128,950.5,116.0,ped
2933,128,950.5,116.0,ped
2934,128,950.5,116.0,ped
2935,128,950.5,116.0,ped
2936,128,950.5,116.0,ped
2937,128,950.5,115.5,ped
2938,128,950.5,115.5,ped
2939,128,950.5,115.5,ped
2940,128,950.5,115.5,ped
2941,128,950.5,115.5,ped
2942,128,950.5,115.5,ped
2943,128,950.5,115.5,ped
2944,128,950.5,115.5,ped
2945,128,950.5,115.5,ped
2946,128,950.5,116.0,ped
2947,128,950.5,116.0,ped
2948,128,950.5,115.5,ped
2949,128,950.5,115.5,ped
2950,128,950.5,115.5,ped
2951,128,950.5,115.0,ped
2952,128,950.5,115.0,ped
2953,128,950.5,115.5,ped
2954,128,950.5,115.5,ped
2955,128,950.5,115.5,ped
2956,128,950.5,115.5,ped
2957,128,950.5,115.5,ped
2958,128,950.5,115.5,ped
2959,128,950.5,115.0,ped
2960,128,950.5,115.0,ped
2961,128,950.5,115.0,ped
2962,128,950.5,115.5,ped
2963,128,950.5,115.5,ped
2964,128,950.5,115.5,ped
2965,128,950.5,115.5,ped
2966,128,950.5,115.5,ped
2967,128,950.5,115.5,ped
2968,128,950.5,115.5,ped
2969,128,950.5,115.0,ped
2970,128,950.5,115.0,ped
2971,128,951.0,115.5,ped
2972,128,951.0,116.0,ped
2973,128,951.5,116.0,ped
2974,128,951.5,116.0,ped
2975,128,950.5,115.5,ped
2976,128,950.5,115.5,ped
2977,128,950.5,115.5,ped
2978,128,950.5,115.5,ped
2979,128,950.5,115.0,ped
2980,128,950.5,115.0,ped
2981,128,950.5,115.0,ped
2982,128,950.5,115.0,ped
2983,128,950.5,115.0,ped
2984,128,950.5,115.0,ped
2985,128,950.5,115.5,ped
2986,128,950.5,116.0,ped
2987,128,951.0,116.0,ped
2988,128,951.0,116.0,ped
2989,128,951.5,116.0,ped
2990,128,951.5,116.0,ped
2991,128,951.5,116.0,ped
2992,128,951.5,116.0,ped
2993,128,951.0,116.0,ped
2994,128,951.0,116.0,ped
2995,128,951.0,116.0,ped
2996,128,951.0,115.5,ped
2997,128,951.5,115.5,ped
2998,128,951.5,115.5,ped
2999,128,951.0,116.0,ped
3000,128,951.0,116.0,ped
3001,128,950.5,115.5,ped
3002,128,950.5,115.5,ped
3003,128,950.5,115.5,ped
3004,128,950.5,115.5,ped
3005,128,950.5,115.5,ped
3006,128,950.5,115.5,ped
3007,128,950.5,115.5,ped
3008,128,950.5,115.5,ped
3009,128,950.5,115.5,ped
3010,128,950.5,115.5,ped
3011,128,950.5,115.5,ped
3012,128,950.5,115.5,ped
3013,128,950.5,115.5,ped
3014,128,950.0,115.5,ped
3015,128,950.0,115.5,ped
3016,128,950.0,115.5,ped
3017,128,950.0,115.5,ped
3018,128,950.0,115.5,ped
3019,128,950.0,115.5,ped
3020,128,950.0,115.5,ped
3021,128,950.0,115.5,ped
3022,128,950.0,115.5,ped
3023,128,950.0,116.0,ped
3024,128,950.0,116.0,ped
3025,128,950.0,116.0,ped
3026,128,950.0,116.0,ped
3027,128,950.0,116.0,ped
3028,128,950.5,116.0,ped
3029,128,950.5,116.0,ped
3030,128,950.0,116.0,ped
3031,128,950.0,116.0,ped
3032,128,950.0,116.0,ped
3033,128,950.0,116.0,ped
3034,128,950.0,116.0,ped
3035,128,950.0,116.0,ped
3036,128,950.0,116.0,ped
3037,128,950.0,116.0,ped
3038,128,950.0,116.0,ped
3039,128,950.0,116.0,ped
3040,128,950.0,116.0,ped
3041,128,950.0,116.0,ped
3042,128,950.0,116.0,ped
3043,128,950.0,116.0,ped
3044,128,950.0,116.0,ped
3045,128,950.0,116.0,ped
3046,128,950.0,116.0,ped
3047,128,950.0,116.0,ped
3048,128,950.0,116.0,ped
3049,128,950.0,116.0,ped
3050,128,950.0,116.0,ped
3051,128,950.0,116.0,ped
3052,128,950.0,116.0,ped
3053,128,950.0,116.0,ped
3054,128,950.0,116.0,ped
3055,128,950.0,115.5,ped
3056,128,950.0,115.5,ped
3057,128,950.0,115.5,ped
3058,128,950.0,115.5,ped
3059,128,950.0,115.5,ped
3060,128,950.0,115.5,ped
3061,128,950.0,115.5,ped
3062,128,950.0,115.5,ped
3063,128,950.0,115.5,ped
3064,128,950.0,115.5,ped
3065,128,950.0,115.5,ped
3066,128,950.0,115.5,ped
3067,128,950.0,115.5,ped
3068,128,950.0,115.5,ped
3069,128,950.0,115.5,ped
3070,128,950.0,115.5,ped
3071,128,950.0,115.5,ped
3072,128,950.0,115.5,ped
3073,128,950.0,115.5,ped
3074,128,950.0,115.5,ped
3075,128,950.0,115.5,ped
3076,128,950.0,115.5,ped
3077,128,950.0,115.5,ped
3078,128,950.0,115.5,ped
3079,128,950.0,115.5,ped
3080,128,950.0,115.5,ped
3081,128,950.0,115.5,ped
3082,128,950.0,115.5,ped
3083,128,950.0,115.5,ped
3084,128,950.0,115.5,ped
3085,128,950.0,115.5,ped
3086,128,950.0,115.5,ped
3087,128,950.0,115.5,ped
3088,128,950.0,115.5,ped
3089,128,950.0,115.5,ped
3090,128,950.0,115.5,ped
3091,128,950.0,115.5,ped
3092,128,950.0,115.5,ped
3093,128,950.0,115.5,ped
3094,128,950.0,115.5,ped
3095,128,950.0,115.5,ped
3096,128,950.0,115.5,ped
3097,128,950.0,115.5,ped
3098,128,950.5,115.5,ped
3099,128,951.0,115.5,ped
3100,128,951.0,115.5,ped
3101,128,951.0,115.5,ped
3102,128,951.0,115.5,ped
3103,128,951.0,115.5,ped
3104,128,951.0,115.5,ped
3105,128,951.0,115.5,ped
3106,128,950.5,115.5,ped
3107,128,950.5,115.5,ped
3108,128,950.5,115.5,ped
3109,128,950.5,115.5,ped
3110,128,950.5,115.5,ped
3111,128,950.5,115.5,ped
3112,128,950.5,115.5,ped
3113,128,950.5,115.5,ped
3114,128,951.0,115.5,ped
3115,128,951.5,115.5,ped
3116,128,951.5,115.5,ped
3117,128,951.5,115.5,ped
3118,128,951.5,115.5,ped
3119,128,951.5,115.5,ped
3120,128,951.0,115.5,ped
3121,128,951.0,115.5,ped
3122,128,951.0,115.5,ped
3123,128,951.0,115.5,ped
3124,128,951.0,115.5,ped
3125,128,951.0,115.5,ped
3126,128,951.0,115.5,ped
3127,128,951.0,115.5,ped
3128,128,951.0,115.5,ped
3129,128,951.0,115.5,ped
3130,128,951.0,115.5,ped
3131,128,951.0,115.5,ped
3132,128,951.0,115.5,ped
3133,128,951.0,115.5,ped
3134,128,951.0,115.5,ped
3135,128,951.0,115.5,ped
3136,128,951.0,115.5,ped
3137,128,951.0,115.5,ped
3138,128,951.0,115.5,ped
3139,128,951.0,115.5,ped
3140,128,951.0,115.5,ped
3141,128,951.0,115.5,ped
3142,128,951.0,115.5,ped
3143,128,951.0,115.5,ped
3144,128,951.0,115.5,ped
3145,128,951.0,115.5,ped
3146,128,951.0,115.5,ped
3147,128,951.0,115.5,ped
3148,128,951.0,115.5,ped
3149,128,951.0,115.5,ped
3150,128,951.0,115.5,ped
3151,128,950.5,115.5,ped
3152,128,950.5,115.5,ped
3153,128,950.5,115.5,ped
3154,128,950.5,115.5,ped
3155,128,950.5,116.0,ped
3156,128,950.5,115.5,ped
3157,128,950.5,115.5,ped
3158,128,950.5,115.5,ped
3159,128,950.5,115.5,ped
3160,128,950.5,115.5,ped
3161,128,950.5,115.5,ped
3162,128,950.5,115.5,ped
3163,128,951.0,115.5,ped
3164,128,951.0,115.5,ped
3165,128,951.0,115.5,ped
3166,128,951.0,115.5,ped
3167,128,951.0,115.5,ped
3168,128,951.0,115.5,ped
3169,128,951.0,115.5,ped
3170,128,951.0,115.5,ped
3171,128,951.0,115.5,ped
3172,128,951.0,115.5,ped
3173,128,950.5,115.5,ped
3174,128,950.5,115.5,ped
3175,128,950.5,115.5,ped
3176,128,950.0,115.5,ped
3177,128,950.0,115.5,ped
3178,128,950.0,115.5,ped
3179,128,950.0,115.5,ped
3180,128,950.0,115.5,ped
3181,128,950.5,115.5,ped
3182,128,950.5,115.5,ped
3183,128,950.5,115.5,ped
3184,128,950.5,115.5,ped
3185,128,950.5,115.5,ped
3186,128,950.5,115.5,ped
3187,128,950.5,115.5,ped
3188,128,950.5,115.5,ped
3189,128,950.5,115.5,ped
3190,128,950.5,115.5,ped
3191,128,950.5,115.5,ped
3192,128,950.5,115.5,ped
3193,128,950.5,115.5,ped
3194,128,950.5,115.5,ped
3195,128,950.5,115.5,ped
3196,128,950.5,115.5,ped
3197,128,950.5,115.5,ped
3198,128,950.5,115.5,ped
3199,128,950.5,115.5,ped
3200,128,950.5,115.5,ped
3201,128,950.5,115.5,ped
3202,128,950.5,115.5,ped
3203,128,950.5,115.5,ped
3204,128,950.5,115.5,ped
3205,128,950.5,115.5,ped
3206,128,950.5,115.5,ped
3207,128,950.5,115.5,ped
3208,128,950.5,115.5,ped
3209,128,951.0,115.5,ped
3210,128,951.0,115.5,ped
3211,128,951.0,115.5,ped
3212,128,951.0,115.5,ped
3213,128,950.5,115.5,ped
3214,128,950.5,115.5,ped
3215,128,950.5,115.5,ped
3216,128,950.5,115.5,ped
3217,128,950.5,115.5,ped
3218,128,950.5,115.5,ped
3219,128,950.5,115.5,ped
3220,128,950.5,115.5,ped
3221,128,950.5,115.5,ped
3222,128,950.5,115.5,ped
3223,128,950.5,115.5,ped
3224,128,950.5,115.5,ped
3225,128,950.5,115.5,ped
3226,128,950.5,115.5,ped
3227,128,950.5,115.5,ped
3228,128,950.0,115.5,ped
3229,128,950.5,115.5,ped
3230,128,950.5,115.5,ped
3231,128,950.5,115.5,ped
3232,128,950.5,115.5,ped
3233,128,950.5,115.0,ped
3234,128,950.5,115.0,ped
3235,128,950.5,115.0,ped
3236,128,950.5,115.0,ped
3237,128,950.5,115.0,ped
3238,128,950.5,115.0,ped
3239,128,950.5,115.0,ped
3240,128,951.0,115.0,ped
3241,128,951.0,115.0,ped
3242,128,951.0,115.0,ped
3243,128,951.0,115.0,ped
3244,128,951.0,115.0,ped
3245,128,951.0,115.0,ped
3246,128,951.0,115.0,ped
3247,128,951.0,115.0,ped
3248,128,951.0,115.0,ped
3249,128,951.0,115.0,ped
3250,128,951.0,115.0,ped
3251,128,950.0,115.0,ped
3252,128,950.0,115.0,ped
3253,128,950.0,115.0,ped
3254,128,950.0,115.0,ped
3255,128,950.0,115.0,ped
3256,128,950.0,115.0,ped
3257,128,950.0,115.0,ped
3258,128,950.0,115.0,ped
3259,128,950.0,115.0,ped
3260,128,950.0,115.0,ped
3261,128,950.5,115.0,ped
3262,128,950.5,115.0,ped
3263,128,950.5,115.0,ped
3264,128,950.5,115.0,ped
3265,128,951.0,114.5,ped
3266,128,951.0,115.0,ped
3267,128,951.0,114.5,ped
3268,128,951.0,114.5,ped
3269,128,951.0,114.5,ped
3270,128,951.0,114.5,ped
3271,128,951.0,114.5,ped
3272,128,951.0,115.0,ped
3273,128,951.0,115.0,ped
3274,128,951.0,115.5,ped
3275,128,951.0,115.0,ped
3276,128,951.0,115.5,ped
3277,128,951.0,115.5,ped
3278,128,950.5,115.5,ped
3279,128,950.5,115.5,ped
3280,128,950.5,115.5,ped
3281,128,950.5,115.5,ped
3282,128,950.5,115.5,ped
3283,128,950.5,115.5,ped
3284,128,950.5,115.5,ped
3285,128,950.5,115.5,ped
3286,128,951.0,115.5,ped
3287,128,950.5,115.5,ped
3288,128,950.5,115.5,ped
3289,128,950.5,115.5,ped
3290,128,950.5,115.5,ped
3291,128,950.5,115.5,ped
3292,128,950.5,115.5,ped
3293,128,950.5,115.5,ped
3294,128,950.5,115.5,ped
3295,128,950.5,115.5,ped
3296,128,950.5,115.5,ped
3297,128,950.5,115.5,ped
3298,128,950.5,115.5,ped
3299,128,950.5,115.5,ped
3300,128,950.5,115.5,ped
3301,128,950.5,115.5,ped
3302,128,950.5,115.5,ped
3303,128,950.5,115.5,ped
3304,128,950.5,115.5,ped
3305,128,950.5,115.5,ped
3306,128,950.5,115.5,ped
3307,128,950.5,115.5,ped
3308,128,951.0,115.5,ped
3309,128,950.5,115.5,ped
3310,128,951.0,115.5,ped
3311,128,951.0,115.5,ped
3312,128,950.5,115.5,ped
3313,128,950.5,115.5,ped
3314,128,950.5,115.5,ped
3315,128,950.5,115.5,ped
3316,128,950.5,115.5,ped
3317,128,950.5,115.5,ped
3318,128,950.5,115.5,ped
3319,128,950.5,115.5,ped
3320,128,950.5,115.5,ped
3321,128,950.5,115.5,ped
3322,128,950.5,115.5,ped
3323,128,950.5,115.5,ped
3324,128,950.5,115.5,ped
3325,128,950.0,115.5,ped
3326,128,950.0,115.5,ped
3327,128,950.0,115.5,ped
3328,128,950.5,115.5,ped
3329,128,951.0,115.5,ped
3330,128,950.0,115.5,ped
3331,128,950.0,115.5,ped
3332,128,950.0,115.5,ped
3333,128,950.0,115.5,ped
3334,128,950.0,115.5,ped
3335,128,950.5,115.5,ped
3336,128,950.5,115.5,ped
3337,128,950.5,115.5,ped
3338,128,950.5,115.5,ped
3339,128,950.5,115.5,ped
3340,128,950.5,115.0,ped
3341,128,950.5,115.0,ped
3342,128,950.5,115.0,ped
3343,128,950.5,115.0,ped
3344,128,950.5,115.0,ped
3345,128,950.5,115.0,ped
3346,128,950.5,115.0,ped
3347,128,950.5,115.0,ped
3348,128,950.5,115.0,ped
3349,128,951.0,115.0,ped
3350,128,951.0,115.0,ped
3351,128,951.0,115.0,ped
3352,128,951.0,115.0,ped
3353,128,951.0,115.0,ped
3354,128,951.0,115.0,ped
3355,128,951.0,115.0,ped
3356,128,951.0,115.0,ped
3357,128,951.5,115.0,ped
3358,128,951.5,115.0,ped
3359,128,951.5,115.0,ped
3360,128,951.5,115.0,ped
3361,128,951.5,115.0,ped
3362,128,951.5,115.0,ped
3363,128,951.5,115.0,ped
3364,128,951.5,115.0,ped
3365,128,951.5,115.0,ped
3366,128,951.5,115.0,ped
3367,128,951.5,115.0,ped
3368,128,951.5,115.0,ped
3369,128,951.5,114.5,ped
3370,128,951.5,114.5,ped
3371,128,951.5,114.5,ped
3372,128,951.5,114.5,ped
3373,128,951.5,114.5,ped
3374,128,951.5,115.0,ped
3375,128,951.5,114.5,ped
3376,128,951.5,114.5,ped
3377,128,951.5,114.5,ped
3378,128,951.5,114.0,ped
3379,128,951.5,113.5,ped
3380,128,951.5,114.5,ped
3381,128,951.5,114.0,ped
3382,128,951.5,113.5,ped
3383,128,951.5,114.5,ped
3384,128,951.5,114.0,ped
3385,128,951.5,114.5,ped
3386,128,951.5,114.5,ped
3387,128,951.5,114.5,ped
3388,128,951.5,114.5,ped
3389,128,951.5,114.5,ped
3390,128,951.5,114.5,ped
3391,128,952.0,114.5,ped
3392,128,951.5,114.0,ped
3393,128,951.5,114.0,ped
3394,128,951.5,114.0,ped
3395,128,951.5,114.5,ped
3396,128,951.5,114.5,ped
3397,128,951.5,114.0,ped
3398,128,951.5,114.0,ped
3399,128,951.5,114.0,ped
3400,128,951.5,114.0,ped
3401,128,951.5,114.0,ped
3402,128,951.5,114.0,ped
3403,128,951.5,114.0,ped
3404,128,951.5,114.0,ped
3405,128,951.5,114.0,ped
3406,128,951.5,114.0,ped
3407,128,951.5,114.0,ped
3408,128,951.5,114.0,ped
3409,128,951.5,114.0,ped
3410,128,951.5,114.0,ped
3411,128,951.5,114.0,ped
3412,128,951.5,114.0,ped
3413,128,951.5,114.5,ped
3414,128,951.5,114.5,ped
3415,128,951.0,114.0,ped
3416,128,951.0,114.0,ped
3417,128,951.0,114.0,ped
3418,128,951.0,114.0,ped
3419,128,951.0,114.0,ped
3420,128,951.0,114.0,ped
3421,128,951.0,114.0,ped
3422,128,951.0,114.0,ped
3423,128,951.0,114.0,ped
3424,128,951.0,114.0,ped
3425,128,951.0,114.0,ped
3426,128,951.0,114.0,ped
3427,128,951.0,114.0,ped
3428,128,951.0,114.0,ped
3429,128,951.0,114.5,ped
3430,128,951.0,114.5,ped
3431,128,951.0,114.5,ped
3432,128,951.0,114.5,ped
3433,128,951.0,114.5,ped
3434,128,950.5,114.5,ped
3435,128,950.5,114.5,ped
3436,128,950.5,114.5,ped
3437,128,950.5,114.5,ped
3438,128,950.5,114.5,ped
3439,128,950.5,114.5,ped
3440,128,950.5,114.5,ped
3441,128,950.5,114.0,ped
3442,128,950.5,114.0,ped
3443,128,950.5,114.0,ped
3444,128,950.5,114.0,ped
3445,128,950.5,114.0,ped
3446,128,950.5,114.0,ped
3447,128,950.5,114.0,ped
3448,128,950.5,114.0,ped
3449,128,950.5,114.0,ped
3450,128,950.5,114.0,ped
3451,128,950.5,114.0,ped
3452,128,950.5,114.0,ped
3453,128,951.0,113.5,ped
3454,128,951.0,113.5,ped
3455,128,951.0,113.0,ped
3456,128,951.0,113.0,ped
3457,128,951.0,113.0,ped
3458,128,950.5,113.0,ped
3459,128,951.0,113.0,ped
3460,128,951.0,113.0,ped
3461,128,951.0,113.0,ped
3462,128,951.0,113.0,ped
3463,128,951.0,113.0,ped
3464,128,951.0,113.0,ped
3465,128,951.0,113.0,ped
3466,128,951.0,113.0,ped
3467,128,951.0,113.0,ped
3468,128,951.0,113.5,ped
3469,128,951.0,113.5,ped
3470,128,951.5,114.0,ped
3471,128,952.0,113.5,ped
3472,128,952.0,113.5,ped
3473,128,952.0,113.5,ped
3474,128,952.0,114.0,ped
3475,128,952.0,114.0,ped
3476,128,951.5,114.5,ped
3477,128,951.5,114.0,ped
3478,128,951.5,114.5,ped
3479,128,951.5,114.5,ped
3480,128,951.5,114.5,ped
3481,128,951.5,114.5,ped
3482,128,952.0,114.5,ped
3483,128,952.0,114.5,ped
3484,128,953.5,114.5,ped
3485,128,953.5,114.5,ped
3486,128,955.0,115.0,ped
3487,128,955.0,115.0,ped
3488,128,956.0,115.0,ped
3489,128,955.5,115.0,ped
3490,128,954.5,115.0,ped
3491,128,954.5,115.0,ped
3492,128,954.5,115.0,ped
3493,128,954.5,115.0,ped
3494,128,954.0,114.5,ped
3495,128,954.0,114.5,ped
3496,128,954.5,114.5,ped
3497,128,954.5,114.5,ped
3498,128,954.5,114.5,ped
3499,128,954.5,114.5,ped
3500,128,954.5,114.5,ped
3501,128,954.0,114.5,ped
3502,128,953.5,114.5,ped
3503,128,953.5,114.5,ped
3504,128,953.5,114.5,ped
3505,128,953.0,114.0,ped
3506,128,952.5,113.0,ped
3507,128,952.5,113.5,ped
3508,128,952.0,113.5,ped
3509,128,952.0,113.0,ped
3510,128,952.0,113.5,ped
3511,128,952.0,113.5,ped
3512,128,951.5,114.0,ped
3513,128,951.5,114.0,ped
3514,128,951.5,114.0,ped
3515,128,951.5,114.0,ped
3516,128,951.5,114.0,ped
3517,128,951.5,114.0,ped
3518,128,951.5,114.0,ped
3519,128,951.0,114.5,ped
3520,128,951.0,114.5,ped
3521,128,951.0,114.5,ped
3522,128,951.0,114.5,ped
3523,128,951.5,115.0,ped
3524,128,951.5,115.0,ped
3525,128,951.5,115.0,ped
3526,128,951.5,115.0,ped
3527,128,951.5,115.0,ped
3528,128,951.0,115.0,ped
3529,128,951.0,115.0,ped
3530,128,950.5,115.0,ped
3531,128,950.5,115.0,ped
3532,128,950.5,115.0,ped
3533,128,950.5,115.0,ped
3534,128,950.5,115.0,ped
3535,128,951.0,115.0,ped
3536,128,951.0,115.0,ped
3537,128,951.0,115.0,ped
3538,128,951.0,115.0,ped
3539,128,950.5,115.0,ped
3540,128,951.0,115.0,ped
3541,128,950.5,115.0,ped
3542,128,950.5,115.0,ped
3543,128,950.5,115.0,ped
3544,128,950.5,115.0,ped
3545,128,950.5,115.0,ped
3546,128,950.5,115.0,ped
3547,128,950.5,115.0,ped
3548,128,950.5,115.0,ped
3549,128,950.5,115.0,ped
3550,128,950.5,115.0,ped
3551,128,951.0,115.0,ped
3552,128,951.0,115.0,ped
3553,128,950.5,115.0,ped
3554,128,950.5,115.0,ped
3555,128,950.5,115.0,ped
3556,128,951.0,115.0,ped
3557,128,951.0,114.5,ped
3558,128,951.0,114.5,ped
3559,128,951.0,114.5,ped
3560,128,951.0,114.5,ped
3561,128,951.0,114.5,ped
3562,128,951.0,114.5,ped
3563,128,951.0,114.5,ped
3564,128,951.0,114.5,ped
3565,128,951.0,114.0,ped
3566,128,951.0,114.0,ped
3567,128,951.0,114.0,ped
3568,128,951.0,114.0,ped
3569,128,951.0,114.0,ped
3570,128,951.0,114.0,ped
3571,128,951.0,114.0,ped
3572,128,951.0,114.0,ped
3573,128,951.0,114.0,ped
3574,128,951.0,114.0,ped
3575,128,951.0,114.0,ped
3576,128,951.0,114.0,ped
3577,128,951.0,114.0,ped
3578,128,951.0,114.0,ped
3579,128,951.0,114.0,ped
3580,128,951.0,114.0,ped
3581,128,951.0,114.5,ped
3582,128,951.0,114.5,ped
3583,128,951.0,114.5,ped
3584,128,951.0,114.5,ped
3585,128,951.0,114.5,ped
3586,128,951.0,114.5,ped
3587,128,951.0,114.5,ped
3588,128,951.0,114.5,ped
3589,128,951.0,114.5,ped
3590,128,951.0,114.5,ped
3591,128,951.0,114.5,ped
3592,128,951.0,114.5,ped
3593,128,950.5,114.5,ped
3594,128,950.5,114.5,ped
3595,128,951.0,115.0,ped
3596,128,951.0,114.5,ped
3597,128,951.5,115.0,ped
3598,128,951.5,115.0,ped
3599,128,951.5,115.0,ped
3600,128,951.5,115.0,ped
3601,128,951.5,115.0,ped
3602,128,951.5,115.0,ped
3603,128,951.0,115.0,ped
3604,128,951.0,115.0,ped
3605,128,951.0,114.5,ped
3606,128,951.0,114.5,ped
3607,128,950.5,114.5,ped
3608,128,950.5,114.5,ped
3609,128,950.5,114.0,ped
3610,128,950.5,113.5,ped
3611,128,950.5,114.0,ped
3612,128,950.5,114.0,ped
3613,128,950.5,114.0,ped
3614,128,950.5,114.0,ped
3615,128,950.5,114.0,ped
3616,128,950.5,114.0,ped
3617,128,950.5,114.0,ped
3618,128,950.5,114.0,ped
3619,128,950.5,114.0,ped
3620,128,950.5,114.0,ped
3621,128,950.5,114.0,ped
3622,128,950.5,114.0,ped
3623,128,950.5,114.0,ped
3624,128,950.5,114.0,ped
3625,128,950.5,114.0,ped
3626,128,950.5,114.0,ped
3627,128,950.5,114.0,ped
3628,128,950.5,114.5,ped
3629,128,950.5,114.5,ped
3630,128,950.5,114.5,ped
3631,128,950.5,114.5,ped
3632,128,950.5,114.5,ped
3633,128,950.5,114.5,ped
3634,128,950.5,114.5,ped
3635,128,951.0,114.5,ped
3636,128,951.0,114.5,ped
3637,128,951.0,114.5,ped
3638,128,951.0,114.5,ped
3639,128,951.5,114.0,ped
3640,128,951.5,114.0,ped
3641,128,951.5,114.0,ped
3642,128,952.0,114.0,ped
3643,128,952.0,114.0,ped
3644,128,952.0,114.5,ped
3645,128,952.0,114.5,ped
3646,128,951.5,114.5,ped
3647,128,951.5,114.5,ped
3648,128,951.5,114.5,ped
3649,128,951.5,114.5,ped
3650,128,951.5,114.5,ped
3651,128,951.0,114.5,ped
3652,128,951.0,114.5,ped
3653,128,951.0,115.0,ped
3654,128,951.0,115.0,ped
3655,128,951.0,114.5,ped
3656,128,951.0,114.5,ped
3657,128,951.0,114.5,ped
3658,128,950.5,114.5,ped
3659,128,950.5,114.5,ped
3660,128,951.0,114.5,ped
3661,128,951.0,114.5,ped
3662,128,951.0,114.5,ped
3663,128,951.0,114.5,ped
3664,128,950.5,114.5,ped
3665,128,950.5,114.5,ped
3666,128,951.0,114.5,ped
3667,128,950.5,114.5,ped
3668,128,950.5,114.5,ped
3669,128,950.5,114.5,ped
3670,128,950.5,114.5,ped
3671,128,950.5,114.5,ped
3672,128,951.0,114.5,ped
3673,128,951.0,114.5,ped
3674,128,951.0,114.5,ped
3675,128,951.0,114.5,ped
3676,128,951.0,115.0,ped
3677,128,951.0,115.0,ped
3678,128,951.0,115.0,ped
3679,128,951.0,115.0,ped
3680,128,951.0,115.0,ped
3681,128,951.0,115.0,ped
3682,128,951.0,115.0,ped
3683,128,951.0,115.0,ped
3684,128,951.0,115.0,ped
3685,128,951.0,115.0,ped
3686,128,951.5,115.0,ped
3687,128,951.5,115.0,ped
3688,128,951.5,115.0,ped
3689,128,951.5,115.0,ped
3690,128,951.5,115.0,ped
3691,128,951.5,115.0,ped
3692,128,951.5,115.0,ped
3693,128,951.5,115.0,ped
3694,128,951.0,115.0,ped
3695,128,951.0,115.0,ped
3696,128,951.0,115.0,ped
3697,128,951.0,115.0,ped
3698,128,951.0,115.0,ped
3699,128,951.0,115.0,ped
3700,128,951.0,115.0,ped
3701,128,951.0,115.0,ped
3702,128,951.0,115.0,ped
3703,128,951.0,114.5,ped
3704,128,950.5,114.5,ped
3705,128,950.5,114.5,ped
3706,128,950.5,114.5,ped
3707,128,950.5,114.5,ped
3708,128,950.5,114.5,ped
3709,128,950.5,114.5,ped
3710,128,950.5,115.0,ped
3711,128,950.5,115.0,ped
3712,128,950.5,115.0,ped
3713,128,950.5,115.0,ped
3714,128,950.5,115.0,ped
3715,128,950.5,115.0,ped
3716,128,950.5,115.0,ped
3717,128,951.0,115.0,ped
3718,128,951.0,115.0,ped
3719,128,951.5,115.0,ped
3720,128,951.5,115.0,ped
3721,128,951.5,115.0,ped
3722,128,951.5,115.0,ped
3723,128,951.5,115.0,ped
3724,128,951.5,115.0,ped
3725,128,951.5,115.0,ped
3726,128,951.5,115.0,ped
3727,128,951.5,115.0,ped
3728,128,951.5,114.5,ped
3729,128,951.5,114.5,ped
3730,128,951.5,114.5,ped
3731,128,951.5,114.5,ped
3732,128,951.5,114.5,ped
3733,128,951.5,114.5,ped
3734,128,951.5,114.5,ped
3735,128,951.0,114.5,ped
3736,128,951.0,114.5,ped
3737,128,951.0,114.5,ped
3738,128,951.0,114.5,ped
3739,128,951.0,114.5,ped
3740,128,951.0,114.5,ped
3741,128,951.0,114.5,ped
3742,128,951.0,114.5,ped
3743,128,951.0,114.5,ped
3744,128,951.0,114.0,ped
3745,128,951.0,114.0,ped
3746,128,951.0,114.0,ped
3747,128,951.0,114.0,ped
3748,128,951.0,114.0,ped
3749,128,951.0,114.0,ped
3750,128,951.0,114.0,ped
3751,128,950.5,114.5,ped
3752,128,950.5,114.5,ped
3753,128,950.0,114.5,ped
3754,128,950.0,114.5,ped
3755,128,950.0,114.0,ped
3756,128,950.0,113.5,ped
3757,128,950.0,114.0,ped
3758,128,950.5,114.0,ped
3759,128,950.5,114.0,ped
3760,128,950.5,113.0,ped
3761,128,950.5,113.0,ped
3762,128,950.5,113.0,ped
3763,128,950.5,112.5,ped
3764,128,950.5,112.5,ped
3765,128,950.5,112.5,ped
3766,128,950.5,112.5,ped
3767,128,950.5,112.5,ped
3768,128,950.5,112.5,ped
3769,128,950.5,111.0,ped
3770,128,950.5,111.0,ped
3771,128,950.5,111.0,ped
3772,128,950.5,111.0,ped
3773,128,950.0,110.0,ped
3774,128,950.0,110.0,ped
3775,128,950.5,107.5,ped
3776,128,950.5,107.5,ped
3777,128,951.5,106.5,ped
3778,128,951.5,106.0,ped
3779,128,951.5,105.5,ped
