frame,id,x,y,type
3,14,395.5,165.0,ped
4,14,395.5,165.0,ped
5,14,395.5,165.0,ped
6,14,392.5,164.0,ped
7,14,395.0,164.5,ped
8,14,395.0,164.5,ped
9,14,395.0,164.5,ped
10,14,395.0,164.5,ped
11,14,395.5,164.5,ped
12,14,395.5,164.5,ped
13,14,395.5,164.5,ped
14,14,395.0,164.5,ped
15,14,395.0,164.5,ped
16,14,395.0,164.5,ped
17,14,393.0,163.5,ped
18,14,393.0,163.0,ped
19,14,393.0,163.5,ped
20,14,392.5,163.5,ped
21,14,392.5,163.5,ped
22,14,392.5,163.5,ped
23,14,392.5,163.5,ped
24,14,392.5,163.5,ped
25,14,392.5,163.5,ped
26,14,391.5,163.5,ped
27,14,392.0,163.5,ped
28,14,392.0,163.5,ped
29,14,392.0,163.5,ped
30,14,392.0,163.5,ped
31,14,392.0,163.5,ped
32,14,391.5,163.5,ped
33,14,391.5,163.5,ped
34,14,391.5,163.5,ped
35,14,391.5,163.5,ped
36,14,392.0,163.5,ped
37,14,392.0,163.5,ped
38,14,392.5,164.0,ped
39,14,392.5,164.5,ped
40,14,392.5,164.0,ped
41,14,392.0,163.5,ped
42,14,392.0,163.5,ped
43,14,392.0,163.5,ped
44,14,392.0,163.5,ped
45,14,392.0,163.5,ped
46,14,392.0,163.5,ped
47,14,392.0,163.5,ped
48,14,392.0,163.5,ped
49,14,392.0,163.5,ped
50,14,392.0,163.5,ped
51,14,392.0,163.5,ped
52,14,392.0,163.5,ped
53,14,392.5,163.5,ped
54,14,392.5,163.5,ped
55,14,393.0,163.5,ped
56,14,393.0,163.5,ped
57,14,393.0,163.5,ped
58,14,393.0,163.5,ped
59,14,393.0,163.5,ped
60,14,393.0,163.5,ped
61,14,393.0,163.5,ped
62,14,392.5,163.5,ped
63,14,392.5,163.5,ped
64,14,392.0,163.5,ped
65,14,392.0,163.5,ped
66,14,392.0,163.5,ped
67,14,392.0,163.5,ped
68,14,392.5,163.5,ped
69,14,392.0,163.5,ped
70,14,392.0,163.5,ped
71,14,392.0,163.5,ped
72,14,392.0,163.5,ped
73,14,392.0,164.0,ped
74,14,392.0,163.5,ped
75,14,392.0,163.5,ped
76,14,392.0,163.5,ped
77,14,391.5,163.5,ped
78,14,392.0,163.5,ped
79,14,392.0,163.5,ped
80,14,391.5,163.5,ped
81,14,392.0,164.0,ped
82,14,392.5,164.0,ped
83,14,392.0,164.0,ped
84,14,392.5,164.0,ped
85,14,392.5,163.5,ped
86,14,392.0,163.5,ped
87,14,391.5,163.5,ped
88,14,391.5,163.5,ped
89,14,391.5,163.5,ped
90,14,391.5,163.5,ped
91,14,391.5,163.5,ped
92,14,391.5,163.5,ped
93,14,392.0,163.5,ped
94,14,392.0,163.5,ped
95,14,392.0,163.5,ped
96,14,392.0,163.5,ped
97,14,392.0,163.5,ped
98,14,392.0,163.5,ped
99,14,392.0,163.5,ped
100,14,392.0,163.5,ped
101,14,392.0,163.5,ped
102,14,392.0,163.5,ped
103,14,392.0,164.0,ped
104,14,391.5,163.5,ped
105,14,392.0,164.0,ped
106,14,392.0,164.0,ped
107,14,392.0,164.0,ped
108,14,392.5,164.0,ped
109,14,392.0,164.0,ped
110,14,392.5,164.0,ped
111,14,392.5,164.0,ped
112,14,392.5,164.0,ped
113,14,392.5,164.0,ped
114,14,392.5,164.0,ped
115,14,392.5,164.0,ped
116,14,392.5,164.0,ped
117,14,392.5,164.0,ped
118,14,392.5,164.0,ped
119,14,393.0,164.0,ped
120,14,393.0,164.0,ped
121,14,393.0,164.0,ped
122,14,393.0,164.0,ped
123,14,392.5,164.0,ped
124,14,392.5,164.0,ped
125,14,392.5,164.0,ped
126,14,392.5,164.0,ped
127,14,392.5,164.0,ped
128,14,392.5,164.0,ped
129,14,392.5,163.5,ped
130,14,392.5,163.5,ped
131,14,392.5,163.5,ped
132,14,392.5,163.5,ped
133,14,393.0,163.5,ped
134,14,393.0,163.0,ped
135,14,393.0,163.0,ped
136,14,393.0,163.5,ped
137,14,393.0,163.0,ped
138,14,396.0,165.0,ped
139,14,396.0,165.0,ped
140,14,396.0,165.0,ped
141,14,396.0,165.0,ped
142,14,396.0,165.0,ped
143,14,395.5,165.0,ped
144,14,395.5,165.0,ped
145,14,396.0,165.0,ped
146,14,396.5,165.0,ped
147,14,396.5,165.0,ped
148,14,395.0,164.5,ped
149,14,395.0,164.5,ped
150,14,395.0,164.5,ped
151,14,394.5,164.5,ped
152,14,394.5,164.5,ped
153,14,393.0,164.0,ped
154,14,393.0,164.0,ped
155,14,393.0,164.0,ped
156,14,393.0,164.0,ped
157,14,393.0,164.0,ped
158,14,393.0,164.0,ped
159,14,393.0,164.0,ped
160,14,393.0,164.0,ped
161,14,393.0,164.0,ped
162,14,394.5,164.5,ped
163,14,393.5,164.0,ped
164,14,393.0,164.0,ped
165,14,393.0,164.0,ped
166,14,393.0,164.0,ped
167,14,393.0,164.0,ped
168,14,392.5,164.0,ped
169,14,392.5,164.0,ped
170,14,392.5,164.0,ped
171,14,392.0,164.0,ped
172,14,392.5,164.0,ped
173,14,392.5,164.0,ped
174,14,392.5,164.0,ped
175,14,393.0,164.0,ped
176,14,393.0,164.0,ped
177,14,392.0,164.0,ped
178,14,392.0,164.0,ped
179,14,392.5,164.0,ped
180,14,392.5,164.0,ped
181,14,392.5,164.0,ped
182,14,393.0,164.0,ped
183,14,393.0,164.0,ped
184,14,393.0,164.0,ped
185,14,393.0,164.0,ped
186,14,394.5,164.0,ped
187,14,394.5,164.0,ped
188,14,394.5,164.5,ped
189,14,394.5,164.5,ped
190,14,394.5,164.0,ped
191,14,394.5,164.5,ped
192,14,394.5,164.5,ped
193,14,394.5,164.5,ped
194,14,394.0,164.5,ped
195,14,394.0,164.5,ped
196,14,393.5,164.0,ped
197,14,393.5,164.0,ped
198,14,393.5,164.0,ped
199,14,393.0,164.0,ped
200,14,393.5,164.0,ped
201,14,394.5,164.0,ped
202,14,394.5,164.0,ped
203,14,394.5,164.0,ped
204,14,394.5,164.0,ped
205,14,394.0,164.5,ped
206,14,394.5,164.5,ped
207,14,393.5,164.0,ped
208,14,393.5,164.0,ped
209,14,393.5,164.0,ped
210,14,393.5,164.0,ped
211,14,393.0,164.0,ped
212,14,393.5,164.0,ped
213,14,393.5,164.0,ped
214,14,396.0,164.5,ped
215,14,393.5,164.0,ped
216,14,393.5,164.0,ped
217,14,393.0,164.0,ped
218,14,393.0,164.0,ped
219,14,393.0,164.0,ped
220,14,393.0,164.0,ped
221,14,393.0,164.0,ped
222,14,392.5,164.0,ped
223,14,392.0,164.0,ped
224,14,392.5,164.0,ped
225,14,392.5,164.0,ped
226,14,392.0,164.0,ped
227,14,392.0,164.0,ped
228,14,392.5,164.0,ped
229,14,393.0,164.0,ped
230,14,393.0,164.0,ped
231,14,392.5,164.0,ped
232,14,392.5,164.0,ped
233,14,392.5,164.0,ped
234,14,392.5,164.0,ped
235,14,392.5,164.0,ped
236,14,392.5,164.0,ped
237,14,392.5,164.0,ped
238,14,393.0,164.0,ped
239,14,393.0,164.0,ped
240,14,392.5,164.0,ped
241,14,392.5,164.0,ped
242,14,392.5,164.0,ped
243,14,392.5,164.0,ped
244,14,393.0,164.0,ped
245,14,392.5,164.0,ped
246,14,392.0,164.0,ped
247,14,392.5,164.0,ped
248,14,393.0,164.0,ped
249,14,393.0,164.0,ped
250,14,393.0,164.0,ped
251,14,393.0,164.0,ped
252,14,393.5,164.0,ped
253,14,393.5,164.0,ped
254,14,394.0,164.0,ped
255,14,394.0,164.0,ped
256,14,393.0,164.0,ped
257,14,392.5,164.0,ped
258,14,392.5,164.0,ped
259,14,392.5,164.0,ped
260,14,392.5,164.0,ped
261,14,392.5,164.0,ped
262,14,393.0,164.0,ped
263,14,393.0,164.0,ped
264,14,392.0,164.0,ped
265,14,391.0,164.0,ped
266,14,391.5,164.0,ped
267,14,391.5,164.0,ped
268,14,391.5,164.0,ped
269,14,391.5,164.0,ped
270,14,391.5,164.0,ped
271,14,391.5,164.0,ped
272,14,391.5,164.0,ped
273,14,391.5,164.0,ped
274,14,391.5,164.0,ped
275,14,391.5,164.0,ped
276,14,392.5,164.0,ped
277,14,393.5,164.0,ped
278,14,393.5,164.0,ped
279,14,393.5,164.0,ped
280,14,393.0,164.0,ped
281,14,392.5,164.0,ped
282,14,393.5,164.0,ped
283,14,393.0,164.0,ped
284,14,392.0,164.0,ped
285,14,392.0,164.0,ped
286,14,392.0,164.0,ped
287,14,392.0,164.0,ped
288,14,392.0,164.0,ped
289,14,392.0,164.0,ped
290,14,392.0,164.0,ped
291,14,392.0,164.0,ped
292,14,392.0,164.0,ped
293,14,392.0,164.0,ped
294,14,392.0,164.0,ped
295,14,392.0,164.0,ped
296,14,392.5,163.5,ped
297,14,392.5,163.5,ped
298,14,393.0,163.5,ped
299,14,393.0,163.5,ped
300,14,393.0,163.5,ped
301,14,393.0,163.5,ped
302,14,393.0,163.5,ped
303,14,393.0,163.5,ped
304,14,393.0,163.5,ped
305,14,393.0,163.5,ped
306,14,393.0,163.5,ped
307,14,393.0,163.5,ped
308,14,393.0,163.5,ped
309,14,393.0,163.5,ped
310,14,393.0,163.5,ped
311,14,393.5,163.5,ped
312,14,393.5,163.5,ped
313,14,393.5,163.5,ped
314,14,393.5,163.5,ped
315,14,393.5,163.5,ped
316,14,393.5,163.5,ped
317,14,393.5,163.5,ped
318,14,393.5,163.5,ped
319,14,393.5,163.5,ped
320,14,393.0,163.5,ped
321,14,393.0,163.5,ped
322,14,393.0,163.5,ped
323,14,393.0,163.5,ped
324,14,393.0,163.5,ped
325,14,393.0,163.5,ped
326,14,393.0,163.5,ped
327,14,393.0,163.5,ped
328,14,392.5,163.5,ped
329,14,393.0,163.5,ped
330,14,393.0,163.5,ped
331,14,393.0,163.5,ped
332,14,393.0,163.5,ped
333,14,392.5,163.5,ped
334,14,393.0,163.5,ped
335,14,393.0,163.5,ped
336,14,392.5,163.0,ped
337,14,393.5,163.5,ped
338,14,393.5,163.5,ped
339,14,393.5,163.5,ped
340,14,393.5,163.5,ped
341,14,395.0,163.5,ped
342,14,394.0,163.5,ped
343,14,394.0,163.5,ped
344,14,394.0,163.5,ped
345,14,394.0,163.5,ped
346,14,394.0,163.5,ped
347,14,394.0,163.5,ped
348,14,394.0,163.5,ped
349,14,394.0,163.5,ped
350,14,393.5,163.5,ped
351,14,393.5,163.5,ped
352,14,394.0,163.5,ped
353,14,393.5,164.0,ped
354,14,393.5,164.0,ped
355,14,395.0,164.0,ped
356,14,395.0,164.0,ped
357,14,395.0,164.0,ped
358,14,395.0,164.0,ped
359,14,395.0,164.0,ped
360,14,395.0,164.0,ped
361,14,395.0,164.0,ped
362,14,393.5,164.0,ped
363,14,393.5,164.0,ped
364,14,393.5,164.0,ped
365,14,393.5,164.0,ped
366,14,393.5,164.0,ped
367,14,393.5,164.0,ped
368,14,393.5,164.0,ped
369,14,393.5,164.0,ped
370,14,393.5,164.0,ped
371,14,393.5,164.0,ped
372,14,394.0,164.0,ped
373,14,393.5,164.0,ped
374,14,393.5,164.0,ped
375,14,393.5,164.0,ped
376,14,393.5,164.0,ped
377,14,394.0,164.0,ped
378,14,393.5,164.0,ped
379,14,394.0,164.0,ped
380,14,393.5,164.0,ped
381,14,393.5,164.0,ped
382,14,393.5,164.0,ped
383,14,393.5,164.0,ped
384,14,393.5,164.0,ped
385,14,393.5,164.0,ped
386,14,393.0,164.0,ped
387,14,393.0,164.0,ped
388,14,393.0,164.0,ped
389,14,393.0,164.0,ped
390,14,393.0,164.0,ped
391,14,393.0,164.0,ped
392,14,393.0,164.0,ped
393,14,392.5,164.0,ped
394,14,392.5,164.0,ped
395,14,393.0,164.0,ped
396,14,392.5,164.0,ped
397,14,392.5,164.0,ped
398,14,392.5,164.0,ped
399,14,392.5,164.0,ped
400,14,392.5,164.0,ped
401,14,392.5,164.0,ped
402,14,392.0,163.5,ped
403,14,392.0,163.5,ped
404,14,392.0,164.0,ped
405,14,392.0,163.5,ped
406,14,391.5,163.0,ped
407,14,392.0,163.5,ped
408,14,392.0,164.0,ped
409,14,392.0,163.5,ped
410,14,391.5,164.0,ped
411,14,391.5,164.0,ped
412,14,391.5,164.0,ped
413,14,391.5,163.5,ped
414,14,391.5,164.0,ped
415,14,391.5,164.0,ped
416,14,391.5,164.0,ped
417,14,391.5,164.0,ped
418,14,392.0,164.0,ped
419,14,392.0,164.0,ped
420,14,392.5,163.5,ped
421,14,392.5,163.0,ped
422,14,392.5,163.5,ped
423,14,392.5,163.5,ped
424,14,392.5,163.5,ped
425,14,392.5,163.5,ped
426,14,392.5,163.5,ped
427,14,392.5,163.5,ped
428,14,392.0,163.5,ped
429,14,392.0,163.5,ped
430,14,392.5,163.5,ped
431,14,392.5,163.5,ped
432,14,392.5,163.5,ped
433,14,392.5,163.5,ped
434,14,392.5,163.5,ped
435,14,392.5,163.5,ped
436,14,392.5,163.5,ped
437,14,392.5,163.5,ped
438,14,392.5,163.5,ped
439,14,392.5,163.5,ped
440,14,392.5,163.5,ped
441,14,392.5,163.5,ped
442,14,392.5,164.0,ped
443,14,392.5,163.5,ped
444,14,392.5,163.5,ped
445,14,392.5,163.5,ped
446,14,392.5,163.5,ped
447,14,392.5,163.5,ped
448,14,392.5,163.5,ped
449,14,392.5,163.5,ped
450,14,392.5,163.5,ped
451,14,392.5,163.5,ped
452,14,392.5,163.5,ped
453,14,392.5,163.5,ped
454,14,392.5,163.5,ped
455,14,392.5,163.5,ped
456,14,392.5,163.5,ped
457,14,392.5,163.5,ped
458,14,392.5,163.5,ped
459,14,392.5,163.5,ped
460,14,392.5,163.5,ped
461,14,392.5,163.5,ped
462,14,392.0,163.5,ped
463,14,392.0,163.5,ped
464,14,392.0,163.5,ped
465,14,393.0,164.0,ped
466,14,393.0,164.0,ped
467,14,393.0,164.0,ped
468,14,393.0,164.0,ped
469,14,392.5,164.0,ped
470,14,392.5,164.0,ped
471,14,392.5,164.0,ped
472,14,392.5,164.0,ped
473,14,392.5,164.0,ped
474,14,392.5,164.0,ped
475,14,392.5,164.0,ped
476,14,392.5,164.0,ped
477,14,393.0,163.5,ped
478,14,393.0,163.0,ped
479,14,392.5,163.5,ped
480,14,394.0,165.0,ped
481,14,393.0,163.5,ped
482,14,394.5,165.0,ped
483,14,394.5,165.0,ped
484,14,394.5,165.0,ped
485,14,394.5,165.0,ped
486,14,393.0,163.5,ped
487,14,393.0,163.0,ped
488,14,393.0,163.5,ped
489,14,392.5,163.5,ped
490,14,392.5,163.5,ped
491,14,392.5,163.5,ped
492,14,392.5,163.5,ped
493,14,392.0,163.5,ped
494,14,392.0,163.5,ped
495,14,392.0,163.5,ped
496,14,392.5,163.5,ped
497,14,392.5,163.5,ped
498,14,392.0,163.5,ped
499,14,392.5,163.5,ped
500,14,392.5,163.5,ped
501,14,393.5,163.5,ped
502,14,393.5,163.5,ped
503,14,393.0,163.5,ped
504,14,393.0,163.5,ped
505,14,393.0,163.5,ped
506,14,393.5,163.5,ped
507,14,393.5,163.5,ped
508,14,393.0,163.5,ped
509,14,392.5,163.5,ped
510,14,393.0,163.5,ped
511,14,393.0,163.5,ped
512,14,393.0,163.5,ped
513,14,393.0,163.5,ped
514,14,393.0,163.5,ped
515,14,393.0,163.5,ped
516,14,393.5,163.5,ped
517,14,393.5,163.5,ped
518,14,393.0,163.5,ped
519,14,395.0,165.0,ped
520,14,395.0,165.0,ped
521,14,395.0,165.0,ped
522,14,395.5,165.0,ped
523,14,395.0,165.0,ped
524,14,393.5,163.5,ped
525,14,394.5,165.0,ped
526,14,393.5,163.5,ped
527,14,393.5,163.5,ped
528,14,393.5,163.5,ped
529,14,393.5,163.5,ped
530,14,393.5,163.5,ped
531,14,393.5,163.5,ped
532,14,394.0,163.5,ped
533,14,393.5,163.5,ped
534,14,393.5,163.5,ped
535,14,393.5,163.5,ped
536,14,394.0,163.5,ped
537,14,393.5,163.5,ped
538,14,393.5,163.5,ped
539,14,393.5,163.5,ped
540,14,393.5,163.5,ped
541,14,393.5,163.5,ped
542,14,393.5,163.5,ped
543,14,393.5,163.5,ped
544,14,393.0,163.5,ped
545,14,393.5,163.0,ped
546,14,393.0,163.0,ped
547,14,393.0,163.0,ped
548,14,393.0,163.0,ped
549,14,392.5,163.0,ped
550,14,392.5,163.0,ped
551,14,392.0,163.5,ped
552,14,392.0,163.5,ped
553,14,391.0,163.5,ped
554,14,391.5,163.5,ped
555,14,391.5,163.5,ped
556,14,391.5,163.5,ped
557,14,391.0,163.5,ped
558,14,391.0,163.5,ped
559,14,391.0,163.5,ped
560,14,391.5,163.5,ped
561,14,391.0,163.5,ped
562,14,391.0,163.5,ped
563,14,390.5,163.0,ped
564,14,391.0,163.0,ped
565,14,391.5,163.0,ped
566,14,391.5,163.0,ped
567,14,391.5,163.0,ped
568,14,391.5,163.0,ped
569,14,390.5,163.5,ped
570,14,390.0,163.0,ped
571,14,390.5,163.5,ped
572,14,390.5,163.0,ped
573,14,391.5,163.5,ped
574,14,392.0,163.0,ped
575,14,392.0,163.0,ped
576,14,391.5,163.0,ped
577,14,391.5,163.0,ped
578,14,391.5,163.0,ped
579,14,391.5,163.0,ped
580,14,391.5,163.5,ped
581,14,391.5,163.5,ped
582,14,391.5,163.5,ped
583,14,391.5,163.5,ped
584,14,391.0,163.5,ped
585,14,391.0,163.5,ped
586,14,391.5,163.5,ped
587,14,391.5,163.5,ped
588,14,391.0,163.5,ped
589,14,391.5,163.5,ped
590,14,392.0,163.5,ped
591,14,392.0,163.5,ped
592,14,392.0,163.5,ped
593,14,392.0,163.5,ped
594,14,392.0,163.5,ped
595,14,392.0,163.5,ped
596,14,392.0,163.5,ped
597,14,392.0,163.5,ped
598,14,392.0,163.5,ped
599,14,392.0,163.5,ped
600,14,392.0,163.5,ped
601,14,392.0,163.5,ped
602,14,392.0,163.5,ped
603,14,391.5,163.5,ped
604,14,391.5,163.5,ped
605,14,391.0,163.5,ped
606,14,391.0,163.5,ped
607,14,389.5,164.0,ped
608,14,389.0,164.5,ped
609,14,387.0,164.0,ped
610,14,387.0,164.0,ped
611,14,388.0,164.0,ped
612,14,388.5,163.5,ped
613,14,388.5,163.5,ped
614,14,389.5,164.0,ped
615,14,389.5,164.0,ped
616,14,390.5,164.0,ped
617,14,390.5,164.0,ped
618,14,391.5,163.5,ped
619,14,391.0,163.5,ped
620,14,391.0,163.5,ped
621,14,392.0,163.5,ped
622,14,392.0,163.5,ped
623,14,392.5,163.5,ped
624,14,392.5,163.5,ped
625,14,392.5,163.5,ped
626,14,392.5,163.5,ped
627,14,392.5,163.5,ped
628,14,393.0,163.5,ped
629,14,393.0,163.5,ped
630,14,395.0,164.5,ped
631,14,395.0,164.5,ped
632,14,395.0,164.5,ped
633,14,395.0,164.5,ped
634,14,395.0,164.5,ped
635,14,394.5,164.5,ped
636,14,393.5,163.5,ped
637,14,393.5,163.5,ped
638,14,393.5,163.5,ped
639,14,393.5,163.5,ped
640,14,393.5,163.5,ped
641,14,395.0,165.0,ped
642,14,395.0,165.0,ped
643,14,394.0,163.5,ped
644,14,394.0,163.5,ped
645,14,394.0,163.5,ped
646,14,393.5,164.5,ped
647,14,393.5,164.5,ped
648,14,395.0,165.0,ped
649,14,395.0,165.0,ped
650,14,395.0,165.0,ped
651,14,394.5,165.5,ped
652,14,394.5,165.5,ped
653,14,394.5,165.5,ped
654,14,394.5,165.5,ped
655,14,395.0,165.5,ped
656,14,395.0,165.5,ped
657,14,395.0,165.5,ped
658,14,395.0,165.5,ped
659,14,395.0,165.5,ped
660,14,395.0,165.5,ped
661,14,394.5,165.5,ped
662,14,395.0,165.5,ped
663,14,394.5,165.5,ped
664,14,395.0,164.5,ped
665,14,395.0,164.5,ped
666,14,395.0,164.5,ped
667,14,394.5,164.5,ped
668,14,395.0,164.5,ped
669,14,394.5,164.5,ped
670,14,394.0,164.5,ped
671,14,394.0,165.0,ped
672,14,394.5,164.5,ped
673,14,395.5,164.5,ped
674,14,396.0,164.0,ped
675,14,395.5,164.0,ped
676,14,397.0,163.5,ped
677,14,396.5,163.5,ped
678,14,397.5,163.5,ped
679,14,397.5,163.5,ped
680,14,397.5,163.5,ped
681,14,397.0,163.5,ped
682,14,397.0,163.5,ped
683,14,396.5,163.5,ped
684,14,396.5,163.5,ped
685,14,396.0,163.5,ped
686,14,396.0,163.5,ped
687,14,394.5,163.5,ped
688,14,394.5,163.5,ped
689,14,393.5,163.0,ped
690,14,393.0,162.5,ped
691,14,393.0,163.0,ped
692,14,393.0,163.0,ped
693,14,392.5,162.5,ped
694,14,393.0,162.5,ped
695,14,393.5,163.0,ped
696,14,393.5,163.0,ped
697,14,393.0,163.0,ped
698,14,393.0,163.0,ped
699,14,394.0,163.0,ped
700,14,393.5,163.0,ped
701,14,393.5,163.0,ped
702,14,393.5,163.0,ped
703,14,393.5,163.0,ped
704,14,393.5,163.0,ped
705,14,393.5,163.0,ped
706,14,393.5,163.5,ped
707,14,393.5,163.5,ped
708,14,393.5,163.5,ped
709,14,393.0,163.5,ped
710,14,393.5,163.5,ped
711,14,393.0,163.5,ped
712,14,393.5,163.5,ped
713,14,393.5,163.5,ped
714,14,393.0,163.5,ped
715,14,393.0,163.5,ped
716,14,393.5,163.5,ped
717,14,393.0,163.5,ped
718,14,393.0,163.5,ped
719,14,393.0,163.5,ped
720,14,392.0,164.0,ped
721,14,392.0,164.0,ped
722,14,392.0,164.0,ped
746,14,392.0,163.0,ped
747,14,392.0,162.5,ped
748,14,391.5,163.0,ped
749,14,392.0,163.5,ped
750,14,392.0,163.0,ped
751,14,393.0,163.5,ped
752,14,393.0,163.5,ped
753,14,393.0,163.5,ped
754,14,393.5,163.0,ped
755,14,393.5,163.0,ped
756,14,393.0,163.0,ped
757,14,393.0,163.0,ped
758,14,393.0,163.5,ped
759,14,393.0,163.5,ped
760,14,393.0,163.5,ped
761,14,393.5,163.0,ped
762,14,393.5,163.0,ped
763,14,393.5,163.0,ped
764,14,393.5,163.0,ped
765,14,393.5,163.0,ped
766,14,394.0,163.5,ped
767,14,394.0,163.5,ped
768,14,394.0,165.0,ped
769,14,394.5,165.0,ped
770,14,394.5,165.0,ped
771,14,394.0,164.5,ped
772,14,394.0,164.5,ped
773,14,394.0,163.0,ped
774,14,394.0,163.0,ped
775,14,394.0,163.0,ped
776,14,394.0,163.0,ped
777,14,394.0,163.0,ped
778,14,394.0,163.0,ped
779,14,394.0,163.0,ped
780,14,394.0,163.0,ped
781,14,394.0,163.0,ped
782,14,394.0,163.0,ped
783,14,394.0,163.0,ped
784,14,394.5,163.0,ped
785,14,394.0,164.5,ped
786,14,394.5,165.0,ped
787,14,394.5,164.5,ped
788,14,394.5,164.5,ped
789,14,394.5,164.5,ped
790,14,394.5,164.5,ped
791,14,394.5,164.0,ped
792,14,394.5,164.0,ped
793,14,394.5,164.0,ped
794,14,394.5,163.0,ped
795,14,394.5,163.0,ped
799,14,395.5,164.5,ped
800,14,395.5,165.0,ped
801,14,397.0,164.5,ped
802,14,397.5,164.5,ped
803,14,398.0,164.5,ped
804,14,398.0,164.0,ped
805,14,398.0,164.5,ped
806,14,397.5,164.0,ped
807,14,397.0,164.0,ped
808,14,397.5,164.0,ped
809,14,397.0,164.0,ped
810,14,397.0,164.0,ped
811,14,397.0,164.0,ped
812,14,397.0,164.0,ped
813,14,397.0,164.0,ped
814,14,397.0,164.0,ped
815,14,396.5,164.0,ped
816,14,396.5,164.0,ped
817,14,396.0,164.0,ped
818,14,396.5,164.0,ped
819,14,395.5,164.0,ped
820,14,395.0,164.0,ped
821,14,395.0,164.0,ped
822,14,394.5,164.0,ped
823,14,394.5,164.0,ped
824,14,394.5,164.5,ped
825,14,394.0,165.0,ped
826,14,394.0,165.0,ped
827,14,393.0,165.0,ped
828,14,393.0,165.0,ped
829,14,394.0,165.0,ped
830,14,394.0,165.0,ped
831,14,394.0,165.0,ped
832,14,394.0,165.0,ped
833,14,394.0,165.0,ped
834,14,393.5,165.0,ped
835,14,394.0,165.0,ped
836,14,394.0,165.0,ped
837,14,394.0,165.0,ped
838,14,394.0,165.0,ped
839,14,393.5,165.0,ped
840,14,393.5,165.0,ped
841,14,393.5,164.5,ped
842,14,393.5,164.5,ped
843,14,394.0,164.5,ped
844,14,393.5,164.5,ped
845,14,394.0,164.5,ped
846,14,394.0,164.5,ped
847,14,393.0,164.5,ped
848,14,393.0,164.5,ped
849,14,393.0,164.5,ped
850,14,393.0,164.5,ped
851,14,393.0,164.5,ped
852,14,392.5,164.5,ped
853,14,392.5,164.5,ped
854,14,393.0,164.5,ped
855,14,392.5,164.5,ped
856,14,392.5,164.5,ped
857,14,392.5,164.5,ped
858,14,392.5,164.5,ped
859,14,392.5,164.5,ped
860,14,392.5,164.5,ped
861,14,392.5,164.5,ped
862,14,392.5,164.5,ped
863,14,392.5,164.5,ped
864,14,392.5,164.5,ped
865,14,392.5,164.5,ped
866,14,392.5,164.5,ped
867,14,392.5,164.5,ped
868,14,392.5,164.5,ped
869,14,393.5,164.0,ped
870,14,393.5,164.0,ped
871,14,392.5,164.5,ped
872,14,392.5,164.5,ped
873,14,392.0,164.0,ped
874,14,392.5,164.5,ped
875,14,393.5,164.0,ped
876,14,393.5,164.0,ped
877,14,394.0,164.0,ped
878,14,394.0,164.0,ped
879,14,394.0,164.0,ped
880,14,394.0,164.0,ped
881,14,394.5,164.0,ped
882,14,394.0,164.0,ped
883,14,393.5,164.0,ped
884,14,393.0,164.5,ped
885,14,393.0,164.5,ped
886,14,392.5,164.5,ped
887,14,392.0,164.5,ped
888,14,392.0,163.5,ped
889,14,392.0,163.5,ped
890,14,392.5,163.0,ped
891,14,392.0,163.5,ped
892,14,392.0,163.5,ped
893,14,391.5,163.5,ped
894,14,391.5,163.5,ped
895,14,392.0,163.5,ped
896,14,391.5,163.5,ped
897,14,391.0,163.5,ped
900,14,391.5,163.5,ped
901,14,391.5,163.5,ped
908,14,391.5,163.0,ped
909,14,391.5,162.5,ped
910,14,391.5,163.0,ped
911,14,391.0,162.5,ped
930,14,391.0,163.0,ped
931,14,391.0,163.0,ped
932,14,391.0,163.0,ped
933,14,392.0,163.0,ped
934,14,392.0,163.0,ped
935,14,392.0,163.0,ped
936,14,391.5,163.5,ped
937,14,391.5,163.5,ped
938,14,391.5,163.5,ped
939,14,392.0,163.5,ped
940,14,392.0,163.5,ped
941,14,392.0,163.5,ped
942,14,392.0,163.5,ped
943,14,392.0,163.5,ped
944,14,391.5,163.5,ped
945,14,390.5,163.5,ped
946,14,390.5,163.5,ped
947,14,390.5,163.5,ped
948,14,390.5,163.5,ped
949,14,390.0,163.5,ped
950,14,390.0,163.5,ped
951,14,390.5,163.5,ped
952,14,390.5,163.5,ped
953,14,390.5,164.0,ped
954,14,390.5,163.5,ped
955,14,390.5,163.5,ped
956,14,390.5,163.5,ped
957,14,390.5,163.5,ped
958,14,390.5,163.5,ped
959,14,390.5,163.5,ped
960,14,390.5,163.5,ped
961,14,390.5,163.5,ped
962,14,391.0,163.5,ped
963,14,391.0,163.5,ped
964,14,390.5,163.5,ped
965,14,390.5,163.5,ped
966,14,390.0,163.5,ped
967,14,390.0,163.5,ped
968,14,390.0,163.5,ped
969,14,390.0,163.5,ped
970,14,390.0,163.5,ped
971,14,390.0,163.5,ped
972,14,390.0,163.5,ped
973,14,390.5,163.5,ped
974,14,391.0,163.5,ped
975,14,391.0,163.5,ped
976,14,390.5,163.5,ped
977,14,390.5,163.5,ped
978,14,390.5,163.5,ped
979,14,390.5,163.5,ped
980,14,390.0,163.5,ped
981,14,390.0,163.5,ped
982,14,390.0,163.5,ped
983,14,391.0,163.5,ped
984,14,391.5,163.5,ped
985,14,391.0,163.5,ped
986,14,392.0,163.5,ped
987,14,392.0,163.5,ped
988,14,392.0,163.5,ped
989,14,392.0,163.5,ped
990,14,391.5,163.5,ped
991,14,392.5,163.5,ped
992,14,392.0,163.0,ped
993,14,392.0,163.0,ped
994,14,392.5,163.0,ped
995,14,392.0,163.0,ped
996,14,392.5,163.0,ped
997,14,392.5,163.0,ped
998,14,392.5,163.0,ped
999,14,392.0,163.0,ped
1000,14,392.0,163.0,ped
1001,14,391.0,163.0,ped
1002,14,391.0,163.0,ped
1003,14,389.5,163.0,ped
1004,14,389.5,163.0,ped
1005,14,389.5,163.0,ped
1006,14,389.5,163.0,ped
1007,14,389.5,163.0,ped
1008,14,389.5,163.0,ped
1009,14,389.0,163.0,ped
1010,14,389.0,163.5,ped
1011,14,389.0,163.0,ped
1012,14,389.0,163.5,ped
1013,14,389.0,163.5,ped
1014,14,389.0,163.5,ped
1015,14,389.5,163.5,ped
1016,14,389.5,163.5,ped
1017,14,389.5,163.5,ped
1018,14,389.5,163.5,ped
1019,14,389.5,163.5,ped
1020,14,389.5,163.5,ped
1021,14,389.5,163.5,ped
1022,14,390.5,163.5,ped
1023,14,390.5,163.5,ped
1024,14,390.5,163.5,ped
1025,14,390.5,163.5,ped
1026,14,390.5,163.5,ped
1027,14,390.0,163.5,ped
1028,14,390.0,163.5,ped
1029,14,390.5,164.0,ped
1030,14,390.5,164.5,ped
1031,14,390.0,164.0,ped
1032,14,390.5,164.0,ped
1033,14,390.5,164.0,ped
1034,14,390.5,164.0,ped
1035,14,390.0,164.0,ped
1036,14,390.0,164.0,ped
1037,14,390.0,164.0,ped
1038,14,389.5,164.0,ped
1039,14,389.5,164.0,ped
1040,14,389.5,164.0,ped
1041,14,389.5,164.0,ped
1042,14,389.5,164.0,ped
1043,14,389.5,164.0,ped
1044,14,389.5,164.0,ped
1045,14,389.5,164.0,ped
1046,14,389.5,164.0,ped
1047,14,389.5,164.0,ped
1048,14,390.0,164.0,ped
1049,14,390.0,164.0,ped
1050,14,390.5,164.0,ped
1051,14,390.5,164.0,ped
1052,14,390.5,164.0,ped
1053,14,390.5,164.0,ped
1054,14,390.5,164.0,ped
1055,14,390.5,164.0,ped
1056,14,389.5,164.0,ped
1057,14,389.0,164.0,ped
1058,14,388.5,164.0,ped
1059,14,388.0,164.0,ped
1060,14,388.5,164.0,ped
1061,14,388.5,164.0,ped
1062,14,388.5,164.0,ped
1063,14,388.0,164.0,ped
1064,14,388.0,164.0,ped
1065,14,388.0,164.0,ped
1066,14,388.0,164.0,ped
1067,14,388.5,164.0,ped
1068,14,388.5,164.0,ped
1069,14,389.0,164.0,ped
1070,14,389.5,164.0,ped
1071,14,390.5,164.0,ped
1072,14,390.0,163.5,ped
1073,14,390.0,164.0,ped
1074,14,390.0,164.0,ped
1075,14,390.0,164.0,ped
1076,14,390.0,164.0,ped
1077,14,389.5,164.0,ped
1078,14,389.5,164.0,ped
1079,14,389.5,164.0,ped
1080,14,389.5,164.0,ped
1081,14,389.5,164.0,ped
1082,14,390.0,164.0,ped
1083,14,390.0,164.0,ped
1084,14,390.0,164.0,ped
1085,14,390.0,164.0,ped
1086,14,390.5,164.0,ped
1087,14,390.0,164.0,ped
1088,14,390.0,164.0,ped
1089,14,389.5,164.0,ped
1090,14,389.5,164.0,ped
1091,14,389.0,164.0,ped
1092,14,389.0,164.0,ped
1093,14,389.0,164.0,ped
1094,14,389.5,164.0,ped
1095,14,389.5,164.0,ped
1096,14,389.5,163.5,ped
1097,14,389.5,163.5,ped
1098,14,389.0,163.5,ped
1099,14,389.5,163.5,ped
1100,14,390.0,163.5,ped
1101,14,390.5,163.5,ped
1102,14,390.0,163.5,ped
1103,14,390.0,163.5,ped
1104,14,390.0,163.5,ped
1105,14,390.0,163.5,ped
1106,14,390.0,163.5,ped
1107,14,389.5,163.5,ped
1108,14,389.5,163.5,ped
1109,14,390.0,163.5,ped
1110,14,390.0,163.5,ped
1111,14,390.0,163.5,ped
1112,14,390.0,163.5,ped
1113,14,390.0,164.0,ped
1114,14,390.5,164.0,ped
1115,14,390.5,164.0,ped
1116,14,390.0,164.0,ped
1117,14,390.0,164.0,ped
1118,14,389.5,164.0,ped
1119,14,389.5,164.0,ped
1120,14,390.5,163.5,ped
1121,14,390.5,163.5,ped
1122,14,390.5,163.5,ped
1123,14,391.0,163.5,ped
1124,14,391.0,163.5,ped
1125,14,391.5,163.5,ped
1126,14,391.0,163.5,ped
1127,14,391.0,163.5,ped
1128,14,390.5,163.5,ped
1129,14,390.5,163.5,ped
1130,14,390.5,163.5,ped
1131,14,391.0,163.5,ped
1132,14,391.0,163.5,ped
1133,14,390.5,163.5,ped
1134,14,390.5,163.5,ped
1135,14,390.5,163.5,ped
1136,14,391.0,163.5,ped
1137,14,391.0,163.5,ped
1138,14,391.0,163.5,ped
1139,14,391.0,163.5,ped
1140,14,391.0,163.5,ped
1141,14,391.0,163.5,ped
1142,14,391.0,163.5,ped
1143,14,390.5,163.5,ped
1144,14,390.5,163.5,ped
1145,14,390.5,163.5,ped
1146,14,390.5,163.5,ped
1147,14,390.5,163.0,ped
1148,14,390.5,163.0,ped
1149,14,390.5,163.0,ped
1150,14,391.0,163.5,ped
1151,14,391.0,163.0,ped
1152,14,391.5,163.0,ped
1153,14,391.0,163.5,ped
1154,14,391.0,163.0,ped
1155,14,391.0,163.0,ped
1156,14,391.0,163.0,ped
1157,14,391.0,163.0,ped
1158,14,391.0,163.0,ped
1159,14,391.5,163.0,ped
1160,14,391.5,163.0,ped
1161,14,391.5,163.0,ped
1162,14,391.5,163.0,ped
1163,14,391.5,163.0,ped
1164,14,391.5,163.0,ped
1165,14,391.5,163.0,ped
1166,14,391.5,163.0,ped
1167,14,391.5,163.0,ped
1168,14,391.5,163.0,ped
1169,14,391.5,163.0,ped
1170,14,391.5,163.0,ped
1171,14,391.5,163.0,ped
1172,14,391.5,163.0,ped
1173,14,391.5,163.0,ped
1174,14,391.5,163.0,ped
1175,14,391.0,163.0,ped
1176,14,391.0,163.0,ped
1177,14,391.5,163.0,ped
1178,14,391.5,163.0,ped
1179,14,391.0,163.0,ped
1180,14,391.5,163.0,ped
1181,14,392.0,163.0,ped
1182,14,392.0,163.0,ped
1183,14,392.0,163.0,ped
1184,14,392.0,163.0,ped
1185,14,392.0,163.0,ped
1186,14,392.0,163.0,ped
1187,14,392.0,163.5,ped
1188,14,392.0,163.5,ped
1189,14,392.0,163.5,ped
1190,14,392.0,163.5,ped
1191,14,392.0,163.5,ped
1192,14,392.5,163.5,ped
1193,14,392.5,163.5,ped
1194,14,392.5,163.5,ped
1195,14,392.5,163.5,ped
1196,14,392.5,163.5,ped
1197,14,392.5,163.5,ped
1198,14,392.5,163.5,ped
1199,14,392.5,163.0,ped
1200,14,392.5,163.0,ped
1201,14,392.5,163.0,ped
1202,14,392.5,163.0,ped
1203,14,392.5,163.0,ped
1204,14,392.5,163.0,ped
1205,14,392.5,163.0,ped
1206,14,393.0,163.0,ped
1207,14,393.0,163.0,ped
1208,14,393.0,163.0,ped
1209,14,393.0,163.0,ped
1210,14,392.5,163.0,ped
1211,14,392.5,163.0,ped
1212,14,393.0,163.0,ped
1213,14,393.0,163.0,ped
1214,14,393.0,163.0,ped
1215,14,393.0,163.0,ped
1216,14,393.0,163.0,ped
1217,14,393.0,163.0,ped
1218,14,393.0,163.5,ped
1219,14,393.5,164.0,ped
1220,14,393.0,163.5,ped
1221,14,393.0,163.5,ped
1222,14,392.5,163.5,ped
1223,14,392.5,163.5,ped
1224,14,392.5,163.0,ped
1225,14,392.5,163.0,ped
1226,14,392.5,163.0,ped
1227,14,392.5,163.0,ped
1228,14,392.5,163.0,ped
1229,14,393.0,163.0,ped
1230,14,393.0,163.0,ped
1231,14,392.5,163.5,ped
1232,14,392.5,163.5,ped
1233,14,392.5,163.5,ped
1234,14,392.5,163.5,ped
1235,14,392.0,163.5,ped
1236,14,392.0,163.5,ped
1237,14,392.0,163.5,ped
1238,14,392.0,163.5,ped
1239,14,392.0,163.5,ped
1240,14,392.0,163.5,ped
1241,14,392.0,163.5,ped
1242,14,392.0,164.0,ped
1243,14,391.5,164.0,ped
1244,14,391.5,163.5,ped
1245,14,391.5,163.5,ped
1246,14,391.5,163.5,ped
1247,14,391.5,163.5,ped
1248,14,392.0,163.5,ped
1249,14,392.0,163.5,ped
1250,14,392.0,163.5,ped
1251,14,388.5,163.5,ped
1252,14,388.5,163.5,ped
1253,14,388.0,163.5,ped
1254,14,388.0,164.0,ped
1255,14,388.0,163.5,ped
1256,14,387.5,163.5,ped
1257,14,387.5,163.5,ped
1258,14,387.5,163.5,ped
1259,14,387.5,163.5,ped
1260,14,388.0,163.5,ped
1261,14,387.5,163.5,ped
1262,14,388.0,163.5,ped
1263,14,388.0,164.0,ped
1264,14,388.0,164.0,ped
1265,14,388.0,164.0,ped
1266,14,388.0,164.0,ped
1267,14,388.0,164.0,ped
1268,14,387.5,164.0,ped
1269,14,387.5,164.0,ped
1270,14,387.5,164.0,ped
1271,14,387.5,164.0,ped
1272,14,387.5,164.0,ped
1273,14,387.0,164.0,ped
1274,14,387.0,164.0,ped
1275,14,387.5,163.5,ped
1276,14,387.5,163.5,ped
1277,14,388.0,164.0,ped
1278,14,388.0,164.0,ped
1279,14,388.5,164.0,ped
1280,14,388.5,164.0,ped
1281,14,388.0,164.0,ped
1282,14,388.5,164.0,ped
1283,14,388.5,164.0,ped
1284,14,388.5,164.0,ped
1285,14,388.5,164.0,ped
1286,14,388.5,164.0,ped
1287,14,389.0,164.0,ped
1288,14,389.0,164.0,ped
1289,14,388.5,164.0,ped
1290,14,388.5,164.0,ped
1291,14,388.0,164.0,ped
1292,14,388.0,164.0,ped
1293,14,388.0,164.0,ped
1294,14,388.0,164.0,ped
1295,14,387.0,164.0,ped
1296,14,387.0,164.0,ped
1297,14,387.5,164.0,ped
1298,14,387.5,164.0,ped
1299,14,388.0,164.0,ped
1300,14,388.0,164.0,ped
1301,14,388.0,164.0,ped
1302,14,388.0,164.0,ped
1303,14,387.5,164.0,ped
1304,14,387.0,164.0,ped
1305,14,386.5,164.0,ped
1306,14,386.5,164.0,ped
1307,14,387.0,164.0,ped
1308,14,386.5,164.0,ped
1309,14,387.0,163.5,ped
1310,14,387.0,163.5,ped
1311,14,387.0,163.5,ped
1312,14,388.5,163.5,ped
1313,14,388.5,163.5,ped
1314,14,388.5,163.5,ped
1315,14,389.0,163.5,ped
1316,14,389.0,163.5,ped
1317,14,389.5,163.5,ped
1318,14,389.5,163.5,ped
1319,14,390.0,163.5,ped
1320,14,389.5,163.5,ped
1321,14,389.0,163.5,ped
1322,14,389.5,163.5,ped
1323,14,389.5,163.5,ped
1324,14,389.5,163.5,ped
1325,14,390.0,163.5,ped
1326,14,390.0,163.5,ped
1327,14,390.0,163.5,ped
1328,14,390.0,163.5,ped
1329,14,390.0,163.5,ped
1330,14,390.0,163.5,ped
1331,14,390.0,163.5,ped
1332,14,390.0,163.5,ped
1333,14,390.0,163.5,ped
1334,14,390.0,163.5,ped
1335,14,390.0,163.5,ped
1336,14,389.5,163.5,ped
1337,14,389.5,163.5,ped
1338,14,389.5,163.5,ped
1339,14,390.0,163.5,ped
1340,14,390.5,163.5,ped
1341,14,390.5,163.5,ped
1342,14,390.0,163.5,ped
1343,14,389.5,164.0,ped
1344,14,389.5,163.5,ped
1345,14,390.0,163.5,ped
1346,14,390.0,163.5,ped
1347,14,389.5,164.0,ped
1348,14,389.5,164.0,ped
1349,14,389.0,164.0,ped
1350,14,389.0,164.0,ped
1351,14,388.5,164.0,ped
1352,14,389.0,164.0,ped
1353,14,389.5,164.0,ped
1354,14,389.5,164.0,ped
1355,14,389.5,164.0,ped
1356,14,389.5,164.0,ped
1357,14,390.0,164.0,ped
1358,14,390.0,164.0,ped
1359,14,390.0,164.0,ped
1360,14,390.0,164.0,ped
1361,14,390.0,164.0,ped
1362,14,389.5,164.0,ped
1363,14,389.5,164.0,ped
1364,14,389.5,164.0,ped
1365,14,389.5,164.0,ped
1366,14,390.0,164.0,ped
1367,14,390.0,164.0,ped
1368,14,390.0,164.0,ped
1369,14,390.0,164.0,ped
1370,14,390.0,164.0,ped
1371,14,390.0,164.0,ped
1372,14,390.5,164.0,ped
1373,14,391.0,164.0,ped
1374,14,391.0,164.0,ped
1375,14,390.5,164.0,ped
1376,14,390.5,164.0,ped
1377,14,390.5,164.0,ped
1378,14,391.0,164.0,ped
1379,14,390.5,164.0,ped
1380,14,390.5,164.0,ped
1381,14,390.5,164.0,ped
1382,14,391.0,164.0,ped
1383,14,391.0,164.0,ped
1384,14,391.0,164.0,ped
1385,14,390.5,164.0,ped
1386,14,391.0,164.0,ped
1387,14,391.0,164.0,ped
1388,14,391.0,164.0,ped
1389,14,391.0,164.0,ped
1390,14,391.5,163.5,ped
1391,14,391.5,163.5,ped
1392,14,391.5,163.5,ped
1393,14,391.5,163.5,ped
1394,14,392.0,163.5,ped
1395,14,391.5,163.5,ped
1396,14,391.5,163.5,ped
1397,14,391.5,163.5,ped
1398,14,392.0,163.5,ped
1399,14,392.0,163.5,ped
1400,14,392.0,163.5,ped
1401,14,392.0,163.5,ped
1402,14,392.0,163.5,ped
1403,14,392.5,163.5,ped
1404,14,392.0,163.5,ped
1405,14,392.5,163.5,ped
1406,14,392.5,163.5,ped
1407,14,392.5,163.5,ped
1408,14,392.5,163.5,ped
1409,14,392.5,163.5,ped
1410,14,393.0,163.5,ped
1411,14,393.0,163.5,ped
1412,14,392.5,163.5,ped
1413,14,392.5,163.5,ped
1414,14,392.5,163.5,ped
1415,14,393.0,163.5,ped
1416,14,393.0,163.5,ped
1417,14,392.5,163.5,ped
1418,14,392.5,163.5,ped
1419,14,392.5,163.5,ped
1420,14,393.0,163.5,ped
1421,14,393.0,163.5,ped
1422,14,393.0,163.5,ped
1423,14,393.0,163.5,ped
1424,14,393.0,163.5,ped
1425,14,393.0,163.5,ped
1426,14,393.0,163.5,ped
1427,14,392.5,163.5,ped
1428,14,392.5,163.5,ped
1429,14,392.5,163.5,ped
1430,14,392.5,163.5,ped
1431,14,392.5,163.5,ped
1432,14,392.5,163.5,ped
1433,14,392.5,163.5,ped
1434,14,392.5,163.5,ped
1435,14,392.5,163.5,ped
1436,14,392.5,163.5,ped
1437,14,392.0,163.5,ped
1438,14,392.0,163.5,ped
1439,14,392.0,163.5,ped
1440,14,392.0,163.5,ped
1441,14,392.0,163.5,ped
1442,14,392.0,163.5,ped
1443,14,392.0,163.5,ped
1444,14,392.0,163.5,ped
1445,14,391.5,163.5,ped
1446,14,390.5,163.5,ped
1447,14,390.5,163.5,ped
1448,14,391.0,163.5,ped
1449,14,390.5,163.5,ped
1450,14,390.5,163.5,ped
1451,14,390.5,163.5,ped
1452,14,390.5,163.5,ped
1453,14,390.5,163.5,ped
1454,14,391.0,163.0,ped
1455,14,390.5,162.5,ped
1456,14,391.0,163.0,ped
1457,14,391.0,163.5,ped
1458,14,391.5,163.5,ped
1459,14,391.0,163.5,ped
1460,14,391.0,163.5,ped
1461,14,391.0,163.5,ped
1462,14,391.5,163.5,ped
1463,14,391.0,163.5,ped
1464,14,391.0,163.5,ped
1465,14,391.5,163.5,ped
1466,14,391.5,163.5,ped
1467,14,391.0,163.5,ped
1468,14,391.0,163.5,ped
1469,14,391.0,163.5,ped
1470,14,391.0,163.5,ped
1471,14,391.0,163.5,ped
1472,14,391.0,163.5,ped
1473,14,391.0,163.5,ped
1474,14,391.0,163.5,ped
1475,14,391.0,163.5,ped
1476,14,391.0,163.5,ped
1477,14,391.0,163.5,ped
1478,14,391.0,163.5,ped
1479,14,391.0,163.5,ped
1480,14,391.0,163.5,ped
1481,14,391.0,163.5,ped
1482,14,391.0,163.5,ped
1483,14,391.0,163.5,ped
1484,14,391.0,163.5,ped
1485,14,391.0,163.5,ped
1486,14,391.0,163.5,ped
1487,14,391.0,163.5,ped
1488,14,390.0,163.5,ped
1489,14,390.5,163.5,ped
1490,14,391.0,163.0,ped
1491,14,391.0,163.5,ped
1492,14,391.0,163.0,ped
1493,14,391.0,162.5,ped
1494,14,391.0,163.0,ped
1495,14,391.0,163.0,ped
1496,14,391.0,163.0,ped
1497,14,391.0,163.0,ped
1498,14,391.0,163.0,ped
1499,14,391.0,163.0,ped
1500,14,391.0,163.0,ped
1501,14,391.0,163.0,ped
1502,14,391.0,163.0,ped
1503,14,391.0,163.0,ped
1504,14,391.0,163.0,ped
1505,14,391.0,163.0,ped
1506,14,391.5,163.0,ped
1507,14,391.0,163.0,ped
1508,14,391.5,163.5,ped
1509,14,391.5,163.5,ped
1510,14,392.0,163.0,ped
1511,14,392.0,163.0,ped
1512,14,392.0,163.0,ped
1513,14,391.5,163.0,ped
1514,14,391.5,163.0,ped
1515,14,391.5,163.0,ped
1516,14,392.0,163.0,ped
1517,14,392.5,163.5,ped
1518,14,392.5,163.5,ped
1519,14,392.0,163.5,ped
1520,14,392.0,163.5,ped
1521,14,392.0,163.5,ped
1522,14,392.5,163.5,ped
1523,14,392.0,163.5,ped
1524,14,392.0,163.5,ped
1525,14,392.0,163.5,ped
1526,14,391.5,163.5,ped
1527,14,391.5,163.5,ped
1528,14,391.5,163.5,ped
1529,14,391.5,163.5,ped
1530,14,391.5,163.5,ped
1531,14,391.0,163.5,ped
1532,14,391.0,163.5,ped
1533,14,391.5,163.5,ped
1534,14,391.5,163.5,ped
1535,14,392.0,163.5,ped
1536,14,392.0,163.5,ped
1537,14,392.0,163.0,ped
1538,14,392.0,162.5,ped
1539,14,391.5,163.0,ped
1540,14,391.5,163.0,ped
1541,14,391.5,163.0,ped
1542,14,391.0,163.0,ped
1543,14,391.0,163.0,ped
1544,14,391.5,163.0,ped
1545,14,391.5,163.0,ped
1546,14,392.0,163.0,ped
1547,14,392.5,163.0,ped
1548,14,392.0,163.0,ped
1549,14,392.5,163.0,ped
1550,14,392.5,163.0,ped
1551,14,392.5,163.0,ped
1552,14,392.5,163.0,ped
1553,14,392.5,163.0,ped
1554,14,392.5,163.0,ped
1555,14,392.5,163.0,ped
1556,14,392.5,163.0,ped
1557,14,393.0,163.0,ped
1558,14,392.5,163.0,ped
1559,14,392.5,163.0,ped
1560,14,392.5,163.0,ped
1561,14,392.5,163.0,ped
1562,14,392.5,163.0,ped
1563,14,392.5,163.0,ped
1564,14,392.5,163.0,ped
1565,14,392.5,163.0,ped
1566,14,393.0,163.0,ped
1567,14,392.5,163.0,ped
1568,14,392.5,163.0,ped
1569,14,392.5,163.0,ped
1570,14,392.5,163.0,ped
1571,14,392.5,163.0,ped
1572,14,391.5,163.0,ped
1573,14,390.5,163.0,ped
1574,14,390.5,163.0,ped
1575,14,391.0,163.0,ped
1576,14,391.5,163.0,ped
1577,14,391.0,163.0,ped
1578,14,391.5,163.0,ped
1579,14,391.5,163.0,ped
1580,14,391.5,163.0,ped
1581,14,390.5,163.0,ped
1582,14,390.5,163.0,ped
1583,14,390.5,163.0,ped
1584,14,390.5,163.0,ped
1585,14,390.5,163.0,ped
1586,14,390.5,163.0,ped
1587,14,390.5,163.0,ped
1588,14,390.5,163.0,ped
1589,14,390.5,163.0,ped
1590,14,390.5,163.0,ped
1591,14,390.5,163.0,ped
1592,14,391.0,163.0,ped
1593,14,390.5,163.0,ped
1594,14,391.0,163.0,ped
1595,14,390.0,163.0,ped
1596,14,390.5,163.0,ped
1597,14,391.0,163.0,ped
1598,14,391.0,163.0,ped
1599,14,391.0,163.0,ped
1600,14,391.0,163.0,ped
1601,14,391.0,163.0,ped
1602,14,391.0,163.0,ped
1603,14,391.0,163.0,ped
1604,14,391.0,163.0,ped
1605,14,391.0,163.0,ped
1606,14,391.0,163.0,ped
1607,14,390.0,163.0,ped
1608,14,390.5,163.0,ped
1609,14,391.5,163.0,ped
1610,14,391.5,163.0,ped
1611,14,391.5,163.0,ped
1612,14,391.0,163.0,ped
1613,14,390.0,163.0,ped
1614,14,390.0,163.0,ped
1615,14,390.0,163.0,ped
1616,14,390.5,163.0,ped
1617,14,391.5,163.0,ped
1618,14,391.0,163.0,ped
1619,14,390.0,163.0,ped
1620,14,390.0,163.0,ped
1621,14,390.0,163.0,ped
1622,14,390.0,163.0,ped
1623,14,390.0,163.0,ped
1624,14,390.5,163.0,ped
1625,14,390.5,163.0,ped
1626,14,390.0,163.0,ped
1627,14,390.0,163.0,ped
1628,14,390.0,163.0,ped
1629,14,390.0,163.0,ped
1630,14,390.0,163.0,ped
1631,14,390.5,163.0,ped
1632,14,391.0,163.0,ped
1633,14,390.0,163.0,ped
1634,14,390.0,163.0,ped
1635,14,390.0,163.0,ped
1636,14,390.0,163.0,ped
1637,14,390.0,163.0,ped
1638,14,391.0,163.0,ped
1639,14,391.5,163.0,ped
1640,14,391.5,163.0,ped
1641,14,391.5,163.0,ped
1642,14,391.0,163.0,ped
1643,14,390.0,163.0,ped
1644,14,390.5,163.0,ped
1645,14,390.0,163.0,ped
1646,14,389.5,163.0,ped
1647,14,389.5,163.0,ped
1648,14,390.0,163.0,ped
1649,14,389.0,163.0,ped
1650,14,389.0,163.0,ped
1651,14,389.5,163.0,ped
1652,14,389.0,163.0,ped
1653,14,389.0,163.0,ped
1654,14,389.5,163.0,ped
1655,14,388.5,163.0,ped
1656,14,389.0,163.0,ped
1657,14,388.0,163.0,ped
1658,14,388.0,163.0,ped
1659,14,388.0,163.0,ped
1660,14,388.0,163.0,ped
1661,14,388.5,163.0,ped
1662,14,388.5,163.0,ped
1663,14,388.5,163.0,ped
1664,14,389.0,163.0,ped
1665,14,389.5,163.0,ped
1666,14,388.5,163.0,ped
1667,14,388.5,163.0,ped
1668,14,389.0,163.0,ped
1669,14,390.0,163.0,ped
1670,14,390.0,163.0,ped
1671,14,390.0,163.0,ped
1672,14,389.5,163.0,ped
1673,14,388.5,163.0,ped
1674,14,388.5,163.0,ped
1675,14,388.5,163.0,ped
1676,14,388.5,163.0,ped
1677,14,388.5,163.0,ped
1678,14,388.5,163.5,ped
1679,14,388.5,164.0,ped
1680,14,387.5,163.0,ped
1681,14,387.5,163.0,ped
1682,14,387.5,163.0,ped
1683,14,387.5,163.0,ped
1684,14,387.5,163.5,ped
1685,14,387.5,163.0,ped
1686,14,387.5,163.0,ped
1687,14,387.5,163.0,ped
1688,14,388.0,163.0,ped
1689,14,388.0,163.0,ped
1690,14,387.5,163.5,ped
1691,14,387.5,163.5,ped
1692,14,387.5,163.5,ped
1693,14,387.5,163.5,ped
1694,14,387.5,163.5,ped
1695,14,387.5,163.5,ped
1696,14,387.0,163.5,ped
1697,14,387.0,163.5,ped
1698,14,387.0,163.5,ped
1699,14,386.0,163.5,ped
1700,14,386.0,163.5,ped
1701,14,386.0,163.5,ped
1702,14,386.0,163.5,ped
1703,14,386.0,163.5,ped
1704,14,386.0,163.5,ped
1705,14,386.0,163.5,ped
1706,14,386.0,163.5,ped
1707,14,386.0,163.5,ped
1708,14,386.0,163.5,ped
1709,14,384.0,163.5,ped
1710,14,383.5,163.5,ped
1711,14,383.5,163.5,ped
1712,14,383.5,163.5,ped
1713,14,385.5,163.5,ped
1714,14,386.0,163.5,ped
1715,14,386.0,163.5,ped
1716,14,386.0,163.5,ped
1717,14,386.0,163.5,ped
1718,14,386.0,163.5,ped
1719,14,385.5,163.5,ped
1720,14,385.5,163.5,ped
1721,14,386.0,163.5,ped
1722,14,386.5,163.5,ped
1723,14,386.0,163.5,ped
1724,14,385.5,163.5,ped
1725,14,384.5,164.0,ped
1726,14,384.5,164.5,ped
1727,14,384.0,164.0,ped
1728,14,384.0,164.0,ped
1729,14,384.5,164.0,ped
1730,14,384.5,164.0,ped
1731,14,384.5,164.0,ped
1732,14,384.5,164.0,ped
1733,14,384.5,164.0,ped
1734,14,384.5,164.0,ped
1735,14,384.5,164.0,ped
1736,14,384.5,163.5,ped
1737,14,384.5,163.5,ped
1738,14,385.5,163.5,ped
1739,14,385.5,163.5,ped
1740,14,386.5,163.5,ped
1741,14,387.0,163.5,ped
1742,14,387.0,163.5,ped
1743,14,386.5,163.5,ped
1744,14,386.5,163.5,ped
1745,14,386.5,163.5,ped
1746,14,387.0,163.5,ped
1747,14,387.0,163.5,ped
1748,14,386.5,163.5,ped
1749,14,388.0,163.5,ped
1750,14,388.5,163.5,ped
1751,14,390.5,163.5,ped
1752,14,391.0,163.5,ped
1753,14,391.0,163.5,ped
1754,14,391.0,163.5,ped
1755,14,391.0,163.5,ped
1756,14,391.0,163.5,ped
1757,14,390.5,163.5,ped
1758,14,390.5,163.5,ped
1759,14,391.0,163.5,ped
1760,14,391.0,163.5,ped
1761,14,392.0,163.5,ped
1762,14,392.0,163.5,ped
1763,14,392.5,163.5,ped
1764,14,392.0,163.5,ped
1765,14,392.0,163.5,ped
1766,14,392.0,163.5,ped
1767,14,393.0,163.5,ped
1768,14,393.0,163.5,ped
1769,14,392.5,163.5,ped
1770,14,392.0,163.5,ped
1771,14,392.0,163.5,ped
1772,14,391.5,163.5,ped
1773,14,391.5,163.5,ped
1774,14,392.0,163.5,ped
1775,14,391.5,163.5,ped
1776,14,392.0,163.5,ped
1777,14,392.0,163.5,ped
1778,14,392.0,163.5,ped
1779,14,391.5,163.5,ped
1780,14,392.0,163.5,ped
1781,14,393.0,163.5,ped
1782,14,391.5,163.5,ped
1783,14,391.5,163.0,ped
1784,14,391.5,163.0,ped
1785,14,391.5,163.0,ped
1786,14,391.5,163.0,ped
1787,14,391.5,163.0,ped
1788,14,391.0,163.0,ped
1789,14,391.0,163.0,ped
1790,14,391.5,163.0,ped
1791,14,391.5,163.0,ped
1792,14,391.0,163.0,ped
1793,14,391.0,163.0,ped
1794,14,391.0,163.0,ped
1795,14,391.0,163.0,ped
1796,14,391.0,163.0,ped
1797,14,391.0,163.0,ped
1798,14,391.0,163.5,ped
1799,14,390.5,163.5,ped
1800,14,390.5,163.5,ped
1801,14,391.0,163.5,ped
1802,14,391.5,163.5,ped
1803,14,391.5,163.5,ped
1804,14,391.0,163.5,ped
1805,14,391.0,163.5,ped
1806,14,391.0,163.5,ped
1807,14,391.5,163.5,ped
1808,14,391.5,163.5,ped
1809,14,391.5,163.5,ped
1810,14,391.5,163.5,ped
1811,14,391.5,163.0,ped
1812,14,392.5,163.0,ped
1813,14,392.5,163.0,ped
1814,14,392.5,163.0,ped
1815,14,392.5,163.0,ped
1816,14,392.5,163.0,ped
1817,14,392.5,163.0,ped
1818,14,392.5,163.0,ped
1819,14,392.5,163.0,ped
1820,14,392.0,163.5,ped
1821,14,392.5,163.0,ped
1822,14,392.0,163.5,ped
1823,14,392.0,164.0,ped
1824,14,392.0,163.0,ped
1825,14,392.0,163.0,ped
1826,14,392.5,163.0,ped
1827,14,392.5,163.0,ped
1828,14,392.5,163.0,ped
1829,14,392.5,163.0,ped
1830,14,392.5,163.0,ped
1831,14,392.5,163.0,ped
1832,14,392.5,163.5,ped
1833,14,392.5,164.0,ped
1834,14,392.5,163.5,ped
1835,14,391.5,163.5,ped
1836,14,391.5,163.5,ped
1837,14,391.5,163.5,ped
1838,14,392.0,163.5,ped
1839,14,391.5,163.5,ped
1840,14,392.0,163.5,ped
1841,14,392.0,163.5,ped
1842,14,392.0,163.5,ped
1843,14,392.0,163.5,ped
1844,14,392.0,163.5,ped
1845,14,392.0,163.5,ped
1846,14,392.0,163.5,ped
1847,14,392.0,163.5,ped
1848,14,392.0,163.5,ped
1849,14,392.5,163.5,ped
1850,14,393.0,163.0,ped
1851,14,393.0,162.5,ped
1852,14,393.0,163.0,ped
1853,14,393.0,163.0,ped
1854,14,393.5,163.0,ped
1855,14,393.5,163.0,ped
1856,14,394.0,163.0,ped
1857,14,393.5,163.0,ped
1858,14,393.0,163.0,ped
1859,14,393.5,163.0,ped
1860,14,393.5,163.0,ped
1861,14,393.5,163.0,ped
1862,14,393.5,163.0,ped
1863,14,392.5,163.5,ped
1864,14,392.0,164.0,ped
1865,14,392.5,163.5,ped
1866,14,392.5,163.5,ped
1867,14,392.5,163.5,ped
1868,14,392.5,163.0,ped
1869,14,393.0,163.0,ped
1870,14,393.0,163.5,ped
1871,14,393.0,163.5,ped
1872,14,392.5,163.5,ped
1873,14,392.5,163.5,ped
1874,14,392.5,163.5,ped
1875,14,392.5,163.5,ped
1876,14,392.5,163.5,ped
1877,14,393.0,163.5,ped
1878,14,393.0,163.5,ped
1879,14,393.0,163.5,ped
1880,14,393.0,163.5,ped
1881,14,393.0,163.5,ped
1882,14,393.0,163.5,ped
1883,14,393.0,163.5,ped
1884,14,393.0,163.5,ped
1885,14,393.0,163.5,ped
1886,14,393.0,163.5,ped
1887,14,393.0,163.5,ped
1888,14,393.0,163.5,ped
1889,14,393.0,163.5,ped
1890,14,393.0,163.5,ped
1891,14,392.5,163.5,ped
1892,14,392.0,163.5,ped
1893,14,391.5,163.5,ped
1894,14,391.5,163.5,ped
1895,14,391.5,163.5,ped
1896,14,391.5,163.5,ped
1897,14,391.5,163.5,ped
1898,14,391.5,163.5,ped
1899,14,391.5,163.5,ped
1900,14,391.5,163.5,ped
1901,14,391.5,163.5,ped
1902,14,392.0,163.5,ped
1903,14,392.5,163.5,ped
1904,14,392.5,163.5,ped
1905,14,392.0,163.5,ped
1906,14,392.0,163.5,ped
1907,14,391.5,163.5,ped
1908,14,390.5,163.5,ped
1909,14,390.5,163.5,ped
1910,14,390.5,163.5,ped
1911,14,390.5,163.5,ped
1912,14,392.5,163.0,ped
1913,14,392.5,162.5,ped
1914,14,393.0,163.0,ped
1915,14,393.0,163.0,ped
1916,14,393.0,163.0,ped
1917,14,393.0,163.0,ped
1918,14,393.0,163.0,ped
1919,14,393.0,163.0,ped
1920,14,393.5,163.0,ped
1921,14,393.5,163.5,ped
1922,14,393.0,163.5,ped
1923,14,393.0,163.5,ped
1924,14,393.5,163.5,ped
1925,14,393.5,163.0,ped
1926,14,393.5,163.0,ped
1927,14,393.5,163.0,ped
1928,14,393.5,163.0,ped
1929,14,393.5,163.5,ped
1930,14,393.5,163.5,ped
1931,14,393.0,163.5,ped
1932,14,393.0,163.5,ped
1933,14,393.0,163.5,ped
1934,14,393.0,163.5,ped
1935,14,393.0,163.5,ped
1936,14,393.0,163.5,ped
1937,14,393.5,163.5,ped
1938,14,393.5,163.5,ped
1939,14,393.0,163.5,ped
1940,14,393.0,163.5,ped
1941,14,393.0,163.5,ped
1942,14,393.0,163.5,ped
1943,14,392.5,163.5,ped
1944,14,392.5,163.5,ped
1945,14,392.5,163.5,ped
1946,14,392.5,163.5,ped
1947,14,392.5,163.5,ped
1948,14,392.5,163.5,ped
1949,14,392.5,163.5,ped
1950,14,392.5,163.5,ped
1951,14,392.5,163.0,ped
1952,14,392.5,163.0,ped
1953,14,392.5,163.5,ped
1954,14,392.5,163.5,ped
1955,14,392.5,163.5,ped
1956,14,392.5,163.5,ped
1957,14,392.0,163.0,ped
1958,14,392.0,162.5,ped
1959,14,392.0,163.0,ped
1960,14,392.0,163.0,ped
1961,14,392.0,163.0,ped
1962,14,392.0,163.0,ped
1963,14,392.0,163.5,ped
1964,14,392.0,163.5,ped
1965,14,391.5,163.5,ped
1966,14,391.5,163.5,ped
1967,14,391.5,163.5,ped
1968,14,392.0,163.5,ped
1969,14,392.0,163.5,ped
1970,14,392.0,163.0,ped
1971,14,392.0,162.5,ped
1972,14,392.0,163.0,ped
1973,14,392.0,163.5,ped
1974,14,392.0,163.0,ped
1975,14,392.0,163.5,ped
1976,14,392.0,163.0,ped
1977,14,392.0,163.0,ped
1978,14,392.0,163.0,ped
1979,14,391.5,163.5,ped
1980,14,391.5,163.5,ped
1981,14,391.5,163.5,ped
1982,14,391.5,163.5,ped
1983,14,391.5,163.5,ped
1984,14,391.5,163.5,ped
1985,14,391.5,163.5,ped
1986,14,391.5,163.5,ped
1987,14,391.0,163.5,ped
1988,14,391.5,163.5,ped
1989,14,391.5,163.5,ped
1990,14,391.5,163.5,ped
1991,14,392.0,163.5,ped
1992,14,391.5,163.5,ped
1993,14,391.0,163.5,ped
1994,14,391.0,163.5,ped
1995,14,391.0,163.5,ped
1996,14,391.0,163.5,ped
1997,14,390.5,163.5,ped
1998,14,390.5,163.5,ped
1999,14,390.5,163.5,ped
2000,14,391.0,163.5,ped
2001,14,390.5,163.5,ped
2002,14,390.0,163.5,ped
2003,14,390.0,163.5,ped
2004,14,390.0,163.5,ped
2005,14,390.0,163.5,ped
2006,14,390.0,163.5,ped
2007,14,389.5,163.5,ped
2008,14,389.5,163.5,ped
2009,14,389.5,163.5,ped
2010,14,389.5,163.5,ped
2011,14,389.0,163.5,ped
2012,14,389.0,163.5,ped
2013,14,389.0,163.5,ped
2014,14,388.5,163.5,ped
2015,14,389.0,163.5,ped
2016,14,389.0,163.5,ped
2017,14,389.0,163.5,ped
2018,14,389.5,163.5,ped
2019,14,389.5,163.5,ped
2020,14,389.0,163.5,ped
2021,14,389.0,163.5,ped
2022,14,389.5,163.5,ped
2023,14,389.5,163.5,ped
2024,14,389.0,163.5,ped
2025,14,389.5,163.5,ped
2026,14,389.5,163.5,ped
2027,14,389.5,163.5,ped
2028,14,389.5,163.5,ped
2029,14,389.5,163.5,ped
2030,14,389.0,163.5,ped
2031,14,388.0,163.5,ped
2032,14,388.5,163.5,ped
2033,14,389.0,163.5,ped
2034,14,389.0,163.5,ped
2035,14,389.0,163.5,ped
2036,14,389.0,163.5,ped
2037,14,389.0,163.5,ped
2038,14,389.0,163.5,ped
2039,14,389.0,164.0,ped
2040,14,389.0,164.5,ped
2041,14,389.0,164.0,ped
2042,14,389.0,164.0,ped
2043,14,388.5,163.5,ped
2044,14,388.5,164.0,ped
2045,14,389.0,164.0,ped
2046,14,388.0,163.5,ped
2047,14,388.0,163.5,ped
2048,14,389.5,164.0,ped
2049,14,389.5,164.0,ped
2050,14,389.5,164.0,ped
2051,14,389.5,164.0,ped
2052,14,389.5,164.0,ped
2053,14,389.5,164.0,ped
2054,14,389.5,164.0,ped
2055,14,390.0,163.5,ped
2056,14,389.5,163.5,ped
2057,14,389.5,163.5,ped
2058,14,389.5,163.5,ped
2059,14,389.5,163.5,ped
2060,14,389.5,163.5,ped
2061,14,389.5,163.5,ped
2062,14,389.5,163.5,ped
2063,14,389.0,163.5,ped
2064,14,388.5,163.5,ped
2065,14,389.0,163.5,ped
2066,14,389.5,163.5,ped
2067,14,390.0,163.5,ped
2068,14,390.0,163.5,ped
2069,14,390.0,163.5,ped
2070,14,389.5,163.0,ped
2071,14,389.0,163.0,ped
2072,14,389.5,163.0,ped
2073,14,389.5,163.0,ped
2074,14,390.0,163.0,ped
2075,14,389.0,163.0,ped
2076,14,388.5,163.5,ped
2077,14,389.0,163.5,ped
2078,14,388.5,163.5,ped
2079,14,389.0,163.5,ped
2080,14,389.5,163.5,ped
2081,14,389.0,163.5,ped
2082,14,389.5,163.5,ped
2083,14,388.5,163.5,ped
2084,14,388.5,163.5,ped
2085,14,388.5,163.5,ped
2089,14,389.0,164.0,ped
2090,14,389.0,164.0,ped
2091,14,389.0,164.0,ped
2092,14,389.0,164.0,ped
2093,14,390.0,164.0,ped
2094,14,390.0,164.0,ped
2095,14,390.5,164.0,ped
2096,14,390.5,163.5,ped
2097,14,390.5,163.5,ped
2098,14,390.5,163.5,ped
2099,14,390.5,163.5,ped
2100,14,390.5,163.5,ped
2101,14,390.5,163.5,ped
2102,14,390.5,163.0,ped
2103,14,390.5,163.0,ped
2104,14,392.0,163.5,ped
2105,14,392.0,164.0,ped
2106,14,392.0,164.0,ped
2107,14,392.0,164.0,ped
2108,14,391.5,164.0,ped
2109,14,392.0,164.0,ped
2110,14,392.0,164.0,ped
2111,14,392.0,164.0,ped
2112,14,392.0,164.0,ped
2113,14,392.0,164.0,ped
2114,14,392.0,163.5,ped
2115,14,392.0,163.5,ped
2116,14,392.5,163.5,ped
2117,14,393.0,163.5,ped
2118,14,392.5,163.5,ped
2119,14,392.0,163.5,ped
2120,14,391.5,163.5,ped
2121,14,391.5,163.5,ped
2122,14,391.5,163.5,ped
2123,14,391.0,163.5,ped
2124,14,391.0,163.5,ped
2125,14,390.5,164.0,ped
2126,14,391.0,164.0,ped
2127,14,391.0,163.5,ped
2128,14,391.0,163.5,ped
2129,14,391.0,163.5,ped
2130,14,391.0,163.5,ped
2131,14,390.5,164.0,ped
2132,14,390.0,164.0,ped
2133,14,391.0,164.0,ped
2134,14,390.5,164.0,ped
2135,14,390.0,164.0,ped
2136,14,390.5,164.0,ped
2137,14,390.5,164.0,ped
2138,14,390.5,164.0,ped
2139,14,390.5,164.0,ped
2140,14,390.5,164.0,ped
2141,14,391.0,164.0,ped
2142,14,391.0,164.0,ped
2143,14,391.0,164.0,ped
2144,14,391.0,164.0,ped
2145,14,391.0,164.0,ped
2146,14,391.5,164.0,ped
2147,14,391.0,164.0,ped
2148,14,391.0,164.0,ped
2149,14,391.0,164.0,ped
2150,14,391.5,164.0,ped
2151,14,391.5,164.0,ped
2152,14,391.5,164.0,ped
2153,14,391.5,164.0,ped
2154,14,391.5,164.0,ped
2155,14,391.5,164.0,ped
2156,14,391.5,164.0,ped
2157,14,391.5,164.0,ped
2158,14,391.0,164.0,ped
2159,14,391.0,163.5,ped
2160,14,391.0,163.5,ped
2161,14,391.0,163.5,ped
2162,14,391.0,163.5,ped
2163,14,391.5,163.5,ped
2164,14,391.0,163.5,ped
2165,14,391.5,163.5,ped
2166,14,391.5,163.5,ped
2167,14,391.5,163.5,ped
2168,14,391.5,163.5,ped
2169,14,391.5,163.5,ped
2170,14,389.5,163.5,ped
2171,14,389.0,163.5,ped
2172,14,389.0,163.5,ped
2173,14,389.0,163.5,ped
2174,14,388.5,163.5,ped
2175,14,389.0,163.5,ped
2176,14,388.5,163.5,ped
2177,14,388.5,163.5,ped
2178,14,388.5,163.5,ped
2179,14,388.5,163.5,ped
2180,14,388.5,163.5,ped
2181,14,388.0,163.5,ped
2182,14,388.0,163.5,ped
2183,14,388.0,163.5,ped
2184,14,387.5,163.5,ped
2185,14,387.5,163.5,ped
2186,14,387.5,163.5,ped
2187,14,387.0,163.5,ped
2188,14,387.5,163.5,ped
2189,14,387.5,163.5,ped
2190,14,387.5,163.5,ped
2191,14,387.5,163.5,ped
2192,14,387.0,163.5,ped
2193,14,387.5,163.5,ped
2194,14,387.0,163.5,ped
2195,14,387.5,163.5,ped
2196,14,388.0,163.5,ped
2197,14,387.5,163.5,ped
2198,14,388.5,163.5,ped
2199,14,388.0,163.5,ped
2200,14,387.5,163.5,ped
2211,14,387.0,163.5,ped
2212,14,387.0,163.5,ped
2218,14,387.0,163.5,ped
2219,14,387.5,163.5,ped
2220,14,387.0,163.5,ped
2221,14,387.5,163.5,ped
2222,14,387.0,163.5,ped
2223,14,388.0,163.5,ped
2224,14,388.0,163.5,ped
2234,14,387.5,163.5,ped
2235,14,388.5,163.5,ped
2236,14,389.5,163.5,ped
2237,14,388.5,163.5,ped
2238,14,388.0,163.5,ped
2239,14,389.0,163.5,ped
2240,14,389.0,163.5,ped
2241,14,388.5,163.5,ped
2242,14,388.5,163.5,ped
2243,14,388.0,163.5,ped
2249,14,389.0,163.5,ped
2250,14,389.5,163.5,ped
2251,14,391.5,163.5,ped
2252,14,392.5,163.5,ped
2253,14,392.5,163.5,ped
2254,14,392.5,163.5,ped
2255,14,392.5,163.5,ped
2256,14,392.0,164.0,ped
2257,14,392.0,164.0,ped
2258,14,391.5,164.0,ped
2259,14,391.5,164.0,ped
2260,14,392.0,163.5,ped
2261,14,391.5,163.5,ped
2262,14,391.5,163.5,ped
2263,14,392.0,163.5,ped
2264,14,392.0,163.5,ped
2265,14,391.5,163.5,ped
2266,14,391.5,163.5,ped
2267,14,391.5,163.5,ped
2268,14,391.5,163.5,ped
2269,14,392.0,163.5,ped
2270,14,392.0,163.5,ped
2271,14,392.0,163.5,ped
2272,14,391.5,164.0,ped
2273,14,392.0,164.0,ped
2274,14,392.0,164.0,ped
2275,14,392.0,164.0,ped
2276,14,391.5,163.5,ped
2277,14,391.5,164.0,ped
2278,14,391.5,163.5,ped
2279,14,391.5,164.0,ped
2280,14,392.0,164.0,ped
2281,14,391.5,164.0,ped
2282,14,391.5,164.0,ped
2283,14,391.0,164.0,ped
2284,14,391.0,163.5,ped
2285,14,391.0,163.5,ped
2286,14,391.0,164.0,ped
2287,14,391.0,163.5,ped
2288,14,391.0,163.5,ped
2289,14,391.0,163.5,ped
2290,14,391.0,163.5,ped
2291,14,391.0,163.5,ped
2292,14,391.0,163.5,ped
2293,14,391.0,163.5,ped
2294,14,390.5,163.5,ped
2295,14,390.5,163.5,ped
2296,14,390.5,163.5,ped
2297,14,390.0,163.5,ped
2298,14,390.0,163.5,ped
2299,14,390.5,163.5,ped
2300,14,390.0,163.5,ped
2301,14,390.5,163.5,ped
2302,14,391.0,163.5,ped
2303,14,391.0,163.5,ped
2304,14,390.5,163.5,ped
2305,14,391.0,163.5,ped
2306,14,391.0,163.5,ped
2307,14,391.0,163.5,ped
2308,14,391.0,163.5,ped
2309,14,391.0,163.5,ped
2310,14,390.5,163.5,ped
2311,14,391.0,164.0,ped
2312,14,391.0,164.0,ped
2313,14,390.5,164.0,ped
2314,14,390.5,164.0,ped
2315,14,391.0,164.0,ped
2316,14,391.0,164.0,ped
2317,14,391.5,164.0,ped
2318,14,392.0,164.0,ped
2319,14,392.0,163.5,ped
2320,14,392.0,163.5,ped
2321,14,392.0,163.5,ped
2322,14,392.0,163.5,ped
2323,14,392.0,163.5,ped
2324,14,392.0,163.5,ped
2325,14,392.0,163.5,ped
2326,14,392.0,163.5,ped
2327,14,392.5,163.5,ped
2328,14,392.5,163.5,ped
2329,14,392.5,163.5,ped
2330,14,392.5,163.5,ped
2331,14,392.0,163.5,ped
2332,14,392.0,163.5,ped
2333,14,392.5,163.5,ped
2334,14,392.5,163.5,ped
2335,14,392.5,163.5,ped
2336,14,392.0,163.5,ped
2337,14,392.0,163.5,ped
2338,14,392.0,163.5,ped
2339,14,392.0,163.5,ped
2340,14,392.0,163.5,ped
2341,14,392.0,163.5,ped
2342,14,392.5,163.5,ped
2343,14,392.5,163.5,ped
2344,14,392.0,163.5,ped
2345,14,392.0,163.5,ped
2346,14,392.0,163.5,ped
2347,14,392.0,164.0,ped
2348,14,392.0,164.0,ped
2349,14,392.0,164.0,ped
2350,14,391.5,163.5,ped
2351,14,391.0,164.0,ped
2352,14,391.0,164.0,ped
2353,14,391.5,164.0,ped
2354,14,391.0,164.0,ped
2355,14,391.5,164.0,ped
2356,14,391.0,164.0,ped
2357,14,391.0,164.0,ped
2358,14,391.0,164.0,ped
2359,14,391.0,164.0,ped
2360,14,391.0,164.0,ped
2361,14,391.0,163.5,ped
2362,14,391.0,163.5,ped
2363,14,391.5,164.0,ped
2364,14,391.5,164.0,ped
2365,14,391.5,164.0,ped
2366,14,391.5,164.0,ped
2367,14,391.5,164.0,ped
2368,14,391.5,164.0,ped
2369,14,392.0,164.0,ped
2370,14,392.0,164.0,ped
2371,14,392.0,164.0,ped
2372,14,391.5,164.0,ped
2373,14,391.5,164.0,ped
2374,14,392.0,163.5,ped
2375,14,392.0,163.5,ped
2376,14,392.0,163.5,ped
2377,14,392.0,163.5,ped
2378,14,392.0,163.5,ped
2379,14,392.0,163.5,ped
2380,14,392.0,163.5,ped
2381,14,392.0,163.5,ped
2382,14,392.0,164.0,ped
2383,14,392.0,164.0,ped
2384,14,392.0,164.0,ped
2385,14,392.0,164.0,ped
2386,14,392.0,164.0,ped
2387,14,392.0,164.0,ped
2388,14,392.0,164.0,ped
2389,14,392.0,164.0,ped
2390,14,392.0,164.0,ped
2391,14,392.0,164.0,ped
2392,14,392.0,164.0,ped
2393,14,392.0,164.0,ped
2394,14,392.0,164.0,ped
2395,14,392.0,164.0,ped
2396,14,392.0,164.0,ped
2397,14,392.0,164.0,ped
2398,14,391.5,164.0,ped
2399,14,391.5,164.0,ped
2400,14,391.5,164.0,ped
2401,14,391.5,164.0,ped
2402,14,392.0,164.0,ped
2403,14,392.0,164.0,ped
2404,14,391.5,164.0,ped
2405,14,391.5,164.0,ped
2406,14,391.5,164.0,ped
2407,14,391.5,164.0,ped
2408,14,392.0,164.0,ped
2409,14,392.0,164.0,ped
2410,14,391.5,164.0,ped
2411,14,392.0,164.0,ped
2412,14,391.5,164.0,ped
2413,14,392.0,164.0,ped
2414,14,392.0,164.0,ped
2415,14,392.0,164.0,ped
2416,14,392.0,164.0,ped
2417,14,392.0,164.0,ped
2418,14,392.0,164.0,ped
2419,14,392.0,164.0,ped
2420,14,392.0,164.0,ped
2421,14,392.0,164.0,ped
2422,14,392.0,164.0,ped
2423,14,392.0,164.0,ped
2424,14,392.0,164.0,ped
2425,14,392.0,164.0,ped
2426,14,392.0,164.0,ped
2427,14,392.0,164.0,ped
2428,14,392.0,164.0,ped
2429,14,392.0,164.0,ped
2430,14,392.0,164.0,ped
2431,14,392.5,164.0,ped
2432,14,392.0,164.0,ped
2433,14,391.5,164.0,ped
2434,14,392.0,164.0,ped
2435,14,392.0,164.0,ped
2436,14,392.0,164.0,ped
2437,14,391.0,164.0,ped
2438,14,391.5,164.0,ped
2439,14,392.5,164.0,ped
2440,14,392.0,164.0,ped
2441,14,391.0,164.0,ped
2442,14,391.0,164.0,ped
2443,14,391.0,164.0,ped
2444,14,391.0,164.0,ped
2445,14,391.0,164.0,ped
2446,14,391.0,164.0,ped
2447,14,391.0,164.0,ped
2448,14,391.0,164.0,ped
2449,14,391.0,164.0,ped
2450,14,391.0,164.0,ped
2451,14,391.5,164.0,ped
2452,14,391.0,164.0,ped
2453,14,391.0,164.0,ped
2454,14,391.5,164.0,ped
2455,14,391.5,164.0,ped
2456,14,391.5,164.0,ped
2457,14,391.5,164.0,ped
2458,14,390.5,164.0,ped
2459,14,390.5,164.0,ped
2460,14,390.5,164.0,ped
2461,14,390.5,164.0,ped
2462,14,390.5,164.0,ped
2463,14,390.5,164.0,ped
2464,14,391.0,164.0,ped
2465,14,392.0,164.0,ped
2466,14,391.5,164.0,ped
2467,14,390.5,164.0,ped
2468,14,390.5,164.0,ped
2469,14,390.5,164.0,ped
2470,14,390.5,164.0,ped
2471,14,391.0,164.0,ped
2472,14,391.0,164.0,ped
2473,14,392.0,164.0,ped
2474,14,392.0,164.0,ped
2475,14,392.0,164.0,ped
2476,14,392.0,164.0,ped
2477,14,392.0,164.0,ped
2478,14,392.0,164.0,ped
2479,14,391.5,164.0,ped
2480,14,392.0,164.0,ped
2481,14,392.0,164.0,ped
2482,14,392.0,164.0,ped
2483,14,392.0,164.0,ped
2484,14,392.0,164.0,ped
2485,14,392.0,164.0,ped
2486,14,392.0,164.0,ped
2487,14,391.5,163.5,ped
2488,14,391.5,163.5,ped
2489,14,391.5,163.5,ped
2490,14,391.5,163.5,ped
2491,14,391.5,163.5,ped
2492,14,391.5,163.5,ped
2493,14,391.5,163.5,ped
2494,14,391.5,163.5,ped
2495,14,391.5,163.5,ped
2496,14,391.5,163.5,ped
2497,14,391.5,163.5,ped
2498,14,391.5,163.5,ped
2499,14,391.5,163.5,ped
2500,14,391.5,163.5,ped
2501,14,390.0,163.5,ped
2502,14,390.5,163.5,ped
2503,14,390.5,163.5,ped
2504,14,390.5,163.5,ped
2505,14,391.0,163.5,ped
2506,14,390.5,163.5,ped
2507,14,390.5,163.5,ped
2508,14,390.5,163.5,ped
2509,14,390.0,163.5,ped
2510,14,390.0,163.5,ped
2511,14,389.5,163.5,ped
2512,14,389.5,163.5,ped
2513,14,390.0,163.5,ped
2514,14,390.0,163.5,ped
2515,14,389.5,163.5,ped
2516,14,389.5,163.5,ped
2517,14,389.0,163.5,ped
2518,14,388.5,163.5,ped
2519,14,389.0,163.5,ped
2520,14,389.0,163.5,ped
2521,14,389.0,163.5,ped
2522,14,389.0,163.5,ped
2523,14,389.0,163.5,ped
2524,14,389.5,163.5,ped
2525,14,389.5,164.0,ped
2526,14,389.5,164.0,ped
2527,14,389.5,163.5,ped
2528,14,389.5,163.5,ped
2529,14,389.5,163.0,ped
2530,14,389.5,163.5,ped
2531,14,389.5,163.5,ped
2532,14,390.0,163.5,ped
2533,14,390.5,163.5,ped
2534,14,390.0,163.5,ped
2535,14,390.0,163.5,ped
2536,14,390.0,163.5,ped
2537,14,389.5,163.5,ped
2538,14,389.0,163.5,ped
2539,14,390.0,164.0,ped
2540,14,389.5,164.0,ped
2541,14,390.0,164.0,ped
2542,14,390.0,164.0,ped
2543,14,390.5,164.0,ped
2544,14,390.5,164.0,ped
2545,14,390.5,163.5,ped
2546,14,390.5,163.5,ped
2547,14,390.5,164.0,ped
2548,14,390.5,164.0,ped
2549,14,390.0,164.0,ped
2550,14,390.5,164.0,ped
2551,14,390.0,164.0,ped
2552,14,390.5,164.0,ped
2553,14,390.5,164.0,ped
2554,14,390.5,164.0,ped
2555,14,391.0,164.0,ped
2556,14,391.0,164.0,ped
2557,14,391.0,164.0,ped
2558,14,391.0,164.0,ped
2559,14,391.0,164.0,ped
2560,14,391.0,164.0,ped
2561,14,391.5,164.0,ped
2562,14,391.5,164.0,ped
2563,14,391.0,164.0,ped
2564,14,391.0,164.0,ped
2565,14,391.0,164.0,ped
2566,14,391.0,164.0,ped
2567,14,391.0,164.0,ped
2568,14,390.5,164.0,ped
2569,14,390.5,164.0,ped
2570,14,390.0,164.0,ped
2571,14,390.5,164.0,ped
2572,14,390.5,164.0,ped
2573,14,390.5,164.0,ped
2574,14,390.5,164.0,ped
2575,14,390.5,164.0,ped
2576,14,390.0,164.0,ped
2577,14,390.0,164.0,ped
2578,14,390.0,164.0,ped
2579,14,390.0,164.0,ped
2580,14,390.0,164.0,ped
2581,14,390.0,164.0,ped
2582,14,390.0,164.0,ped
2583,14,390.0,164.0,ped
2584,14,390.0,164.0,ped
2585,14,390.5,164.0,ped
2586,14,390.5,164.0,ped
2587,14,390.5,164.0,ped
2588,14,390.5,164.0,ped
2589,14,390.5,164.0,ped
2590,14,390.5,164.0,ped
2591,14,391.5,164.0,ped
2592,14,391.5,164.0,ped
2593,14,391.0,164.0,ped
2594,14,392.0,164.0,ped
2595,14,391.5,164.0,ped
2596,14,391.5,164.0,ped
2597,14,391.0,164.0,ped
2598,14,392.0,164.0,ped
2599,14,392.0,164.0,ped
2600,14,391.5,164.0,ped
2601,14,391.0,164.0,ped
2602,14,391.0,164.0,ped
2603,14,392.0,164.0,ped
2604,14,392.0,164.0,ped
2605,14,392.0,164.0,ped
2606,14,392.0,164.0,ped
2607,14,391.5,164.0,ped
2608,14,390.5,164.0,ped
2609,14,391.0,164.0,ped
2610,14,390.0,164.0,ped
2611,14,390.5,164.0,ped
2612,14,390.0,164.0,ped
2613,14,390.0,164.0,ped
2614,14,390.0,164.0,ped
2615,14,390.0,164.0,ped
2616,14,390.0,164.0,ped
2617,14,390.0,164.0,ped
2618,14,389.5,164.0,ped
2621,14,391.0,164.0,ped
2622,14,391.5,164.0,ped
2623,14,391.5,163.5,ped
2624,14,391.5,163.5,ped
2625,14,391.5,163.5,ped
2626,14,391.5,164.0,ped
2627,14,391.5,164.0,ped
2628,14,392.0,164.0,ped
2629,14,391.5,164.0,ped
2630,14,391.5,163.5,ped
2631,14,391.5,163.5,ped
2632,14,391.5,163.5,ped
2633,14,391.5,163.0,ped
2634,14,391.5,163.0,ped
2635,14,392.5,163.0,ped
2636,14,392.5,163.0,ped
2637,14,392.5,163.0,ped
2638,14,392.0,163.0,ped
2639,14,392.5,163.0,ped
2640,14,392.5,163.0,ped
2641,14,392.0,163.0,ped
2642,14,393.0,163.0,ped
2643,14,393.0,163.0,ped
2644,14,393.0,163.0,ped
2645,14,393.0,163.0,ped
2646,14,393.0,163.0,ped
2647,14,393.0,163.0,ped
2648,14,393.0,163.0,ped
2649,14,393.0,163.0,ped
2650,14,393.0,163.0,ped
2651,14,392.5,163.0,ped
2652,14,393.5,163.0,ped
2653,14,393.5,163.0,ped
2654,14,393.0,163.0,ped
2655,14,392.5,163.0,ped
2656,14,393.5,163.0,ped
2657,14,393.5,163.0,ped
2658,14,393.5,163.0,ped
2659,14,393.5,163.0,ped
2660,14,393.5,163.0,ped
2661,14,393.5,163.0,ped
2662,14,393.5,163.0,ped
2663,14,393.5,163.0,ped
2664,14,393.5,163.0,ped
2665,14,393.5,163.0,ped
2666,14,393.5,163.0,ped
2667,14,393.5,163.0,ped
2668,14,393.5,163.0,ped
2669,14,393.5,163.0,ped
2670,14,393.5,163.0,ped
2671,14,393.5,163.0,ped
2672,14,393.5,163.0,ped
2673,14,393.5,163.0,ped
2674,14,393.0,163.0,ped
2675,14,392.5,163.0,ped
2676,14,393.5,163.0,ped
2677,14,393.5,163.0,ped
2678,14,393.5,163.0,ped
2679,14,393.5,163.0,ped
2680,14,393.5,163.0,ped
2681,14,393.5,163.0,ped
2682,14,393.5,163.0,ped
2683,14,393.5,163.0,ped
2684,14,393.5,163.0,ped
2685,14,393.5,163.0,ped
2686,14,392.0,163.0,ped
2687,14,391.5,163.0,ped
2688,14,391.0,163.0,ped
2689,14,391.0,163.0,ped
2690,14,391.0,163.0,ped
2691,14,391.5,164.0,ped
2692,14,391.0,164.0,ped
2693,14,391.0,163.5,ped
2694,14,391.5,163.5,ped
2695,14,391.0,163.0,ped
2696,14,391.5,163.5,ped
2697,14,391.5,163.5,ped
2698,14,391.0,163.5,ped
2699,14,391.0,163.5,ped
2700,14,391.0,163.5,ped
2701,14,391.0,163.5,ped
2702,14,391.5,164.0,ped
2703,14,391.0,164.0,ped
2704,14,391.5,163.5,ped
2705,14,391.0,163.5,ped
2706,14,391.0,163.5,ped
2707,14,391.0,163.5,ped
2708,14,391.5,163.5,ped
2709,14,391.5,163.5,ped
2710,14,391.5,163.5,ped
2711,14,391.5,163.5,ped
2712,14,391.0,163.5,ped
2713,14,391.5,163.5,ped
2714,14,391.5,163.5,ped
2715,14,391.5,163.5,ped
2716,14,391.5,163.5,ped
2717,14,391.5,163.5,ped
2718,14,391.5,163.5,ped
2719,14,391.5,163.5,ped
2720,14,391.5,163.5,ped
2721,14,391.5,164.0,ped
2722,14,391.0,164.0,ped
2723,14,391.0,164.0,ped
2724,14,391.0,164.0,ped
2725,14,391.0,164.0,ped
2726,14,391.0,164.0,ped
2727,14,391.0,164.0,ped
2728,14,390.0,164.0,ped
2729,14,390.5,164.0,ped
2730,14,390.5,164.0,ped
2731,14,390.0,164.0,ped
2732,14,390.0,164.0,ped
2733,14,390.0,164.0,ped
2734,14,390.0,164.0,ped
2735,14,390.0,164.0,ped
2736,14,390.0,164.0,ped
2737,14,390.0,164.0,ped
2738,14,390.0,164.0,ped
2739,14,390.5,164.0,ped
2740,14,390.5,164.0,ped
2741,14,390.5,163.5,ped
2742,14,390.0,163.5,ped
2743,14,390.0,163.5,ped
2744,14,389.5,164.0,ped
2745,14,389.5,163.5,ped
2746,14,389.5,164.0,ped
2747,14,389.5,164.0,ped
2748,14,390.0,164.0,ped
2749,14,390.0,164.0,ped
2750,14,390.0,164.0,ped
2751,14,390.5,163.5,ped
2752,14,391.0,163.5,ped
2753,14,391.0,163.5,ped
2754,14,391.0,163.5,ped
2755,14,391.0,163.5,ped
2756,14,391.0,163.5,ped
2757,14,391.0,163.5,ped
2758,14,391.0,163.5,ped
2759,14,391.0,163.5,ped
2760,14,391.0,164.0,ped
2761,14,391.0,164.0,ped
2762,14,391.0,164.0,ped
2763,14,391.0,164.0,ped
2764,14,391.5,164.0,ped
2765,14,391.5,164.0,ped
2766,14,391.5,164.0,ped
2767,14,391.5,164.0,ped
2768,14,391.0,164.0,ped
2769,14,391.5,164.0,ped
2770,14,391.0,164.0,ped
2771,14,391.5,164.0,ped
2772,14,391.0,164.0,ped
2773,14,391.5,164.0,ped
2774,14,391.5,164.0,ped
2775,14,391.5,163.5,ped
2776,14,391.5,163.5,ped
2777,14,391.5,163.5,ped
2778,14,391.5,163.5,ped
2779,14,391.5,164.0,ped
2780,14,391.5,164.0,ped
2781,14,391.5,164.0,ped
2782,14,392.0,164.0,ped
2783,14,392.0,164.0,ped
2784,14,392.0,164.0,ped
2785,14,392.0,164.0,ped
2786,14,391.5,164.0,ped
2787,14,391.5,164.0,ped
2788,14,391.5,163.5,ped
2789,14,391.5,163.5,ped
2790,14,391.0,163.5,ped
2791,14,391.5,163.5,ped
2792,14,391.5,163.5,ped
2793,14,391.5,163.5,ped
2794,14,391.5,163.5,ped
2795,14,391.5,163.5,ped
2796,14,391.0,163.5,ped
2797,14,391.5,163.5,ped
2798,14,391.5,163.5,ped
2799,14,392.0,163.5,ped
2800,14,392.0,163.5,ped
2801,14,392.0,163.5,ped
2802,14,392.0,163.5,ped
2803,14,392.0,163.5,ped
2804,14,392.0,163.5,ped
2805,14,392.0,163.5,ped
2806,14,392.0,163.5,ped
2807,14,392.0,163.5,ped
2808,14,392.5,163.5,ped
2809,14,392.5,163.5,ped
2810,14,392.5,163.5,ped
2811,14,392.5,163.5,ped
2812,14,392.5,163.5,ped
2813,14,392.5,163.5,ped
2814,14,392.5,163.5,ped
2815,14,392.5,163.5,ped
2816,14,392.5,163.5,ped
2817,14,392.5,163.5,ped
2818,14,392.5,163.5,ped
2819,14,392.5,163.5,ped
2820,14,392.5,163.5,ped
2821,14,392.5,163.5,ped
2822,14,392.5,163.5,ped
2823,14,392.5,163.5,ped
2824,14,392.5,163.5,ped
2825,14,392.5,163.5,ped
2826,14,392.5,163.5,ped
2827,14,393.5,163.5,ped
2828,14,393.5,163.5,ped
2829,14,393.5,163.5,ped
2830,14,393.5,163.5,ped
2831,14,393.5,163.5,ped
2832,14,393.5,163.5,ped
2833,14,393.5,163.5,ped
2834,14,393.5,163.5,ped
2835,14,393.5,163.5,ped
2836,14,393.5,163.5,ped
2837,14,393.5,163.5,ped
2838,14,393.5,163.5,ped
2839,14,393.5,163.5,ped
2840,14,393.5,163.5,ped
2841,14,393.5,163.5,ped
2842,14,393.0,163.5,ped
2843,14,392.5,163.5,ped
2844,14,393.0,163.5,ped
2845,14,393.0,163.5,ped
2846,14,392.5,164.0,ped
2847,14,392.5,164.0,ped
2848,14,392.5,164.0,ped
2849,14,392.5,164.0,ped
2850,14,392.5,164.0,ped
2851,14,392.5,164.0,ped
2852,14,392.5,164.0,ped
2853,14,392.5,164.0,ped
2854,14,392.5,164.0,ped
2855,14,392.5,164.0,ped
2856,14,392.5,164.0,ped
2857,14,392.5,164.0,ped
2858,14,392.5,164.0,ped
2859,14,392.5,164.0,ped
2860,14,392.5,164.0,ped
2861,14,392.5,163.5,ped
2862,14,392.5,163.5,ped
2863,14,392.5,163.5,ped
2864,14,392.5,163.5,ped
2865,14,392.5,163.5,ped
2866,14,392.5,163.5,ped
2867,14,392.5,163.5,ped
2868,14,392.5,164.0,ped
2869,14,392.0,164.0,ped
2870,14,392.0,164.0,ped
2871,14,391.5,164.0,ped
2872,14,391.5,163.5,ped
2873,14,391.5,164.0,ped
2874,14,391.5,164.0,ped
2875,14,391.5,164.0,ped
2876,14,391.5,164.0,ped
2877,14,391.5,164.0,ped
2878,14,391.5,164.0,ped
2879,14,391.5,164.0,ped
2880,14,392.5,163.5,ped
2881,14,392.5,163.5,ped
2882,14,392.0,163.5,ped
2883,14,392.5,163.5,ped
2884,14,392.5,163.5,ped
2885,14,392.5,163.5,ped
2886,14,392.0,163.5,ped
2887,14,392.0,163.5,ped
2888,14,392.0,163.5,ped
2889,14,392.5,163.5,ped
2890,14,392.5,163.5,ped
2891,14,392.5,163.5,ped
2892,14,392.5,163.5,ped
2893,14,392.5,163.5,ped
2894,14,393.0,163.5,ped
2895,14,393.0,163.5,ped
2896,14,392.5,163.5,ped
2897,14,392.5,163.5,ped
2898,14,392.5,163.5,ped
2899,14,392.5,163.5,ped
2900,14,393.0,163.5,ped
2901,14,393.0,163.5,ped
2902,14,393.0,163.5,ped
2903,14,392.5,163.5,ped
2904,14,392.5,163.5,ped
2905,14,392.5,163.5,ped
2906,14,392.5,163.5,ped
2907,14,392.5,163.5,ped
2908,14,392.5,163.5,ped
2909,14,392.5,163.5,ped
2910,14,392.5,163.5,ped
2911,14,392.5,163.5,ped
2912,14,392.5,163.5,ped
2913,14,392.5,163.5,ped
2914,14,392.5,163.5,ped
2915,14,392.5,163.5,ped
2916,14,392.5,163.5,ped
2917,14,392.5,163.5,ped
2918,14,392.5,163.5,ped
2919,14,393.5,163.5,ped
2920,14,393.0,163.5,ped
2921,14,392.5,163.5,ped
2922,14,392.5,163.5,ped
2923,14,392.5,163.5,ped
2924,14,392.5,163.5,ped
2925,14,392.5,163.5,ped
2926,14,392.5,163.5,ped
2927,14,392.5,163.5,ped
2928,14,392.5,163.5,ped
2929,14,392.5,163.5,ped
2930,14,392.5,163.5,ped
2931,14,393.0,163.5,ped
2932,14,392.5,163.5,ped
2933,14,392.5,163.5,ped
2934,14,392.5,163.5,ped
2935,14,392.5,163.5,ped
2936,14,392.5,163.5,ped
2937,14,392.5,163.5,ped
2938,14,392.5,163.5,ped
2939,14,392.5,163.5,ped
2940,14,391.5,163.5,ped
2941,14,391.5,163.5,ped
2942,14,392.0,164.0,ped
2943,14,392.0,164.0,ped
2944,14,392.0,163.5,ped
2945,14,392.0,163.5,ped
2946,14,392.5,164.0,ped
2947,14,392.5,164.0,ped
2948,14,392.5,164.0,ped
2949,14,392.5,164.0,ped
2950,14,392.5,163.5,ped
2951,14,392.0,163.5,ped
2952,14,392.0,163.5,ped
2953,14,392.0,163.5,ped
2954,14,392.0,164.0,ped
2955,14,392.5,164.0,ped
2956,14,392.0,164.0,ped
2957,14,392.0,163.5,ped
2958,14,392.0,163.5,ped
2959,14,392.0,163.5,ped
2960,14,392.5,163.5,ped
2961,14,392.0,163.5,ped
2962,14,392.0,163.5,ped
2963,14,391.5,163.5,ped
2964,14,391.5,163.5,ped
2965,14,391.5,163.5,ped
2966,14,391.5,163.5,ped
2967,14,392.0,163.5,ped
2968,14,392.0,163.5,ped
2969,14,391.5,163.5,ped
2970,14,391.5,163.5,ped
2971,14,391.5,163.5,ped
2972,14,391.5,163.5,ped
2973,14,391.5,163.5,ped
2974,14,391.0,163.5,ped
2975,14,391.0,163.5,ped
2976,14,391.0,163.5,ped
2977,14,391.5,163.5,ped
2978,14,391.5,163.5,ped
2979,14,391.5,163.5,ped
2980,14,391.0,163.5,ped
2981,14,391.0,163.5,ped
2982,14,391.0,163.5,ped
2983,14,390.5,163.5,ped
2984,14,391.0,163.5,ped
2985,14,391.0,163.5,ped
2986,14,391.5,163.5,ped
2987,14,391.5,163.5,ped
2988,14,391.5,163.5,ped
2989,14,391.5,163.5,ped
2990,14,391.0,163.5,ped
2991,14,391.0,163.5,ped
2992,14,390.5,163.5,ped
2993,14,391.0,163.5,ped
2994,14,390.5,163.5,ped
2995,14,390.5,163.5,ped
2996,14,390.5,163.5,ped
2997,14,390.5,163.5,ped
2998,14,390.5,163.5,ped
2999,14,389.5,163.5,ped
3000,14,389.5,163.5,ped
3001,14,388.5,164.0,ped
3002,14,388.5,164.0,ped
3003,14,388.5,164.0,ped
3004,14,388.5,164.0,ped
3005,14,388.5,164.0,ped
3006,14,388.5,164.0,ped
3007,14,388.5,164.0,ped
3008,14,387.0,164.0,ped
3009,14,387.0,164.0,ped
3010,14,387.5,164.0,ped
3011,14,388.0,164.0,ped
3012,14,388.0,164.0,ped
3013,14,387.5,164.0,ped
3014,14,388.5,164.0,ped
3015,14,388.5,164.0,ped
3016,14,389.5,164.0,ped
3017,14,389.0,164.0,ped
3018,14,388.5,164.0,ped
3019,14,388.0,164.0,ped
3020,14,388.5,164.0,ped
3021,14,388.0,164.0,ped
3022,14,389.0,164.0,ped
3023,14,389.5,164.0,ped
3024,14,389.5,164.0,ped
3025,14,389.5,164.0,ped
3026,14,390.0,164.0,ped
3027,14,390.0,164.0,ped
3028,14,389.5,164.0,ped
3029,14,389.5,164.0,ped
3030,14,389.0,164.0,ped
3031,14,389.0,164.0,ped
3032,14,388.5,164.0,ped
3033,14,388.0,164.0,ped
3034,14,388.5,164.0,ped
3035,14,388.5,164.0,ped
3036,14,389.0,164.0,ped
3037,14,389.0,164.0,ped
3038,14,389.5,164.0,ped
3053,14,395.0,164.5,ped
3054,14,395.5,164.5,ped
3055,14,393.0,163.5,ped
3056,14,392.5,163.5,ped
3057,14,392.5,163.5,ped
3058,14,392.5,163.5,ped
3059,14,392.0,163.5,ped
3060,14,392.0,163.5,ped
3061,14,391.5,163.0,ped
3068,14,391.5,163.5,ped
3069,14,391.5,163.0,ped
3074,14,389.0,163.5,ped
3075,14,389.5,163.5,ped
3076,14,389.5,163.5,ped
3077,14,390.0,164.0,ped
3078,14,389.5,164.0,ped
3079,14,389.5,164.0,ped
3080,14,390.0,164.0,ped
3081,14,390.0,164.0,ped
3082,14,390.0,163.5,ped
3083,14,390.0,163.5,ped
3084,14,390.0,163.5,ped
3085,14,390.0,163.5,ped
3086,14,390.5,163.5,ped
3087,14,390.5,163.5,ped
3088,14,390.5,163.5,ped
3089,14,390.0,163.5,ped
3090,14,390.0,164.0,ped
3091,14,390.0,164.0,ped
3092,14,390.0,164.0,ped
3093,14,391.0,164.0,ped
3094,14,390.5,163.5,ped
3095,14,391.0,164.0,ped
3096,14,391.0,163.5,ped
3097,14,391.0,163.5,ped
3098,14,391.0,163.5,ped
3099,14,390.5,163.5,ped
3100,14,390.5,163.5,ped
3101,14,390.5,163.5,ped
3102,14,390.5,163.0,ped
3103,14,390.5,163.0,ped
3104,14,390.5,163.0,ped
3105,14,390.5,163.0,ped
3106,14,390.5,163.0,ped
3107,14,391.0,163.0,ped
3108,14,390.5,163.0,ped
3109,14,390.5,163.0,ped
3110,14,390.5,163.0,ped
3111,14,390.5,163.0,ped
3112,14,390.5,163.0,ped
3113,14,390.0,163.0,ped
3114,14,390.0,163.0,ped
3115,14,389.5,163.5,ped
3116,14,390.0,163.0,ped
3117,14,390.0,163.0,ped
3118,14,390.0,163.0,ped
3119,14,390.0,163.0,ped
3120,14,389.5,163.0,ped
3121,14,389.5,163.0,ped
3122,14,390.0,163.0,ped
3123,14,390.0,163.5,ped
3124,14,390.0,163.5,ped
3125,14,390.0,163.5,ped
3126,14,390.0,163.5,ped
3127,14,390.0,163.5,ped
3128,14,390.0,163.5,ped
3129,14,390.0,163.5,ped
3130,14,390.5,163.5,ped
3131,14,389.5,163.5,ped
3132,14,389.5,164.0,ped
3133,14,389.5,164.0,ped
3134,14,389.5,164.0,ped
3135,14,389.5,164.0,ped
3136,14,389.5,164.0,ped
3137,14,389.5,164.0,ped
3138,14,389.5,163.5,ped
3139,14,389.5,163.5,ped
3140,14,388.5,163.5,ped
3141,14,390.0,163.5,ped
3142,14,390.0,163.5,ped
3143,14,390.0,163.5,ped
3144,14,390.5,163.5,ped
3145,14,390.0,163.5,ped
3146,14,390.0,163.5,ped
3147,14,390.5,163.5,ped
3148,14,390.5,163.5,ped
3149,14,391.0,163.5,ped
3150,14,391.5,163.5,ped
3151,14,390.5,163.5,ped
3152,14,390.5,163.5,ped
3153,14,390.5,163.5,ped
3154,14,390.5,163.5,ped
3155,14,390.0,163.5,ped
3156,14,390.0,163.5,ped
3157,14,390.5,163.5,ped
3158,14,391.0,163.0,ped
3159,14,390.5,162.5,ped
3160,14,390.5,162.5,ped
3161,14,391.0,163.0,ped
3162,14,391.0,163.0,ped
3163,14,391.0,163.0,ped
3164,14,391.5,163.0,ped
3165,14,391.5,163.0,ped
3166,14,392.0,163.0,ped
3167,14,392.0,163.0,ped
3168,14,391.5,163.0,ped
3169,14,391.5,163.0,ped
3170,14,391.5,163.0,ped
3171,14,390.5,163.0,ped
3172,14,390.0,163.0,ped
3173,14,390.5,163.0,ped
3174,14,390.5,163.0,ped
3175,14,391.0,163.0,ped
3176,14,391.0,163.0,ped
3177,14,391.0,163.0,ped
3178,14,391.0,163.0,ped
3179,14,391.5,163.0,ped
3190,14,388.5,163.5,ped
3191,14,388.5,163.5,ped
3192,14,387.5,164.0,ped
3193,14,387.5,164.0,ped
3194,14,389.0,164.0,ped
3195,14,389.0,164.0,ped
3196,14,388.5,164.0,ped
3197,14,389.5,164.0,ped
3198,14,389.0,164.0,ped
3199,14,388.5,164.0,ped
3200,14,388.5,164.0,ped
3201,14,389.0,164.0,ped
3202,14,389.5,164.0,ped
3203,14,389.5,164.0,ped
3204,14,391.0,164.0,ped
3205,14,390.5,164.0,ped
3206,14,391.0,164.0,ped
3207,14,391.0,164.0,ped
3208,14,391.0,164.0,ped
3209,14,391.0,164.0,ped
3210,14,391.0,164.0,ped
3211,14,390.5,164.0,ped
3212,14,390.0,164.0,ped
3213,14,389.5,164.0,ped
3214,14,390.0,164.0,ped
3215,14,390.0,164.0,ped
3216,14,390.0,164.0,ped
3217,14,390.5,164.0,ped
3218,14,390.5,164.0,ped
3219,14,390.5,164.0,ped
3220,14,390.5,164.0,ped
3221,14,390.5,164.0,ped
3222,14,390.5,164.0,ped
3223,14,390.5,164.0,ped
3224,14,391.0,164.0,ped
3225,14,391.0,164.0,ped
3226,14,391.0,164.0,ped
3227,14,391.0,164.0,ped
3228,14,390.5,164.0,ped
3229,14,390.0,164.0,ped
3230,14,390.0,164.0,ped
3231,14,390.5,164.0,ped
3232,14,390.5,164.0,ped
3233,14,390.5,164.0,ped
3234,14,389.5,164.0,ped
3235,14,389.5,164.0,ped
3236,14,389.5,164.0,ped
3237,14,389.5,164.0,ped
3238,14,388.5,164.0,ped
3239,14,388.5,164.0,ped
3240,14,389.0,164.0,ped
3241,14,389.5,164.0,ped
3242,14,389.0,164.0,ped
3243,14,388.0,164.0,ped
3244,14,388.5,164.0,ped
3245,14,388.0,164.0,ped
3246,14,388.0,164.0,ped
3247,14,389.0,164.0,ped
3248,14,390.0,164.0,ped
3249,14,391.0,164.0,ped
3250,14,390.5,164.0,ped
3251,14,390.0,164.0,ped
3252,14,391.0,164.5,ped
3253,14,391.5,164.5,ped
3254,14,391.5,164.5,ped
3255,14,391.5,164.5,ped
3256,14,391.5,164.5,ped
3257,14,391.5,164.5,ped
3258,14,391.5,164.5,ped
3259,14,391.5,164.5,ped
3260,14,391.5,164.5,ped
3261,14,392.0,164.5,ped
3262,14,392.0,164.5,ped
3263,14,392.0,164.5,ped
3264,14,392.0,164.5,ped
3265,14,392.0,164.5,ped
3266,14,392.0,164.0,ped
3267,14,392.0,163.5,ped
3268,14,391.0,164.0,ped
3269,14,391.0,164.0,ped
3270,14,390.5,164.0,ped
3271,14,390.5,164.0,ped
3272,14,390.0,164.0,ped
3273,14,390.5,164.0,ped
3274,14,390.5,164.0,ped
3275,14,390.0,164.0,ped
3276,14,391.0,164.0,ped
3277,14,391.0,164.0,ped
3278,14,391.0,164.0,ped
3279,14,391.5,164.0,ped
3280,14,391.0,164.0,ped
3281,14,391.5,164.0,ped
3282,14,392.0,164.0,ped
3283,14,392.0,164.0,ped
3284,14,391.5,164.0,ped
3285,14,391.5,164.0,ped
3286,14,391.5,164.0,ped
3287,14,391.0,164.0,ped
3288,14,391.0,164.0,ped
3289,14,391.0,164.0,ped
3290,14,391.0,164.0,ped
3291,14,391.0,164.0,ped
3292,14,391.0,164.0,ped
3293,14,391.5,164.0,ped
3294,14,392.0,164.0,ped
3295,14,391.5,164.0,ped
3296,14,391.5,164.0,ped
3297,14,391.0,164.0,ped
3298,14,391.0,164.0,ped
3299,14,390.5,164.0,ped
3300,14,390.5,164.0,ped
3301,14,391.0,164.0,ped
3302,14,390.5,164.0,ped
3303,14,390.0,164.0,ped
3304,14,390.5,164.0,ped
3305,14,390.0,164.0,ped
3306,14,390.5,164.0,ped
3307,14,390.5,164.0,ped
3308,14,391.0,164.0,ped
3309,14,391.0,164.0,ped
3310,14,391.5,164.0,ped
3311,14,391.0,164.0,ped
3312,14,391.0,164.0,ped
3313,14,392.0,164.0,ped
3314,14,392.0,164.0,ped
3315,14,391.5,164.0,ped
3316,14,392.5,164.0,ped
3317,14,392.5,164.0,ped
3318,14,392.0,164.0,ped
3319,14,392.5,163.5,ped
3320,14,392.5,164.0,ped
3321,14,392.5,164.0,ped
3322,14,392.5,164.0,ped
3323,14,392.5,164.0,ped
3324,14,392.5,164.5,ped
3325,14,392.5,164.5,ped
3326,14,392.5,164.5,ped
3327,14,392.5,164.5,ped
3328,14,392.5,164.5,ped
3329,14,392.5,164.5,ped
3330,14,392.5,164.0,ped
3331,14,392.0,164.0,ped
3332,14,392.0,164.0,ped
3333,14,392.0,164.0,ped
3334,14,392.0,164.0,ped
3335,14,393.0,164.0,ped
3336,14,393.0,163.5,ped
3337,14,393.0,163.5,ped
3338,14,393.0,163.5,ped
3339,14,393.0,163.5,ped
3340,14,392.5,163.5,ped
3341,14,393.0,163.5,ped
3342,14,393.0,163.5,ped
3343,14,393.0,163.5,ped
3344,14,393.0,163.5,ped
3345,14,393.5,163.5,ped
3346,14,393.5,163.5,ped
3347,14,393.0,163.5,ped
3348,14,393.5,163.5,ped
3349,14,393.0,163.5,ped
3350,14,393.0,163.5,ped
3351,14,392.5,163.5,ped
3352,14,392.5,163.5,ped
3353,14,392.5,163.5,ped
3354,14,392.5,163.5,ped
3355,14,392.5,163.5,ped
3356,14,392.5,163.5,ped
3357,14,392.5,163.5,ped
3358,14,392.5,163.5,ped
3359,14,392.5,163.5,ped
3360,14,392.0,163.5,ped
3361,14,392.0,163.5,ped
3362,14,392.0,163.5,ped
3363,14,392.0,163.5,ped
3364,14,392.0,163.5,ped
3365,14,392.0,163.5,ped
3366,14,391.0,163.5,ped
3367,14,391.0,163.5,ped
3368,14,391.0,163.5,ped
3369,14,391.5,163.5,ped
3370,14,392.0,163.5,ped
3371,14,392.0,163.5,ped
3372,14,392.0,163.5,ped
3373,14,392.0,163.5,ped
3374,14,392.5,163.5,ped
3375,14,392.0,163.5,ped
3376,14,391.0,163.5,ped
3377,14,391.5,163.5,ped
3378,14,390.5,163.5,ped
3379,14,390.5,163.5,ped
3380,14,391.0,163.5,ped
3381,14,390.5,163.5,ped
3382,14,390.5,163.5,ped
3383,14,391.0,163.5,ped
3384,14,390.0,163.5,ped
3385,14,390.5,164.0,ped
3386,14,390.5,164.0,ped
3387,14,390.5,164.0,ped
3388,14,390.0,164.0,ped
3389,14,390.0,164.0,ped
3390,14,390.0,164.0,ped
3391,14,390.0,164.0,ped
3392,14,390.5,164.0,ped
3393,14,390.5,164.0,ped
3394,14,391.0,164.5,ped
3395,14,391.0,164.5,ped
3396,14,392.5,164.0,ped
3397,14,392.5,164.0,ped
3398,14,392.5,163.5,ped
3399,14,393.0,164.0,ped
3400,14,393.0,164.5,ped
3401,14,393.0,164.0,ped
3402,14,393.0,163.5,ped
3403,14,393.0,163.5,ped
3404,14,392.5,163.5,ped
3405,14,392.5,163.5,ped
3406,14,392.5,163.5,ped
3407,14,392.5,164.0,ped
3408,14,392.5,164.0,ped
3409,14,391.5,164.0,ped
3410,14,391.0,164.0,ped
3411,14,391.0,164.0,ped
3412,14,390.5,164.0,ped
3413,14,390.5,164.0,ped
3414,14,390.5,164.0,ped
3415,14,390.5,164.0,ped
3416,14,390.0,164.0,ped
3417,14,390.0,164.0,ped
3418,14,390.0,164.0,ped
3419,14,391.0,164.0,ped
3420,14,391.0,164.0,ped
3421,14,391.5,164.0,ped
3422,14,391.5,164.0,ped
3423,14,392.0,164.0,ped
3424,14,392.0,164.0,ped
3425,14,392.0,164.0,ped
3426,14,392.0,164.0,ped
3427,14,392.0,164.0,ped
3428,14,392.0,164.0,ped
3429,14,392.5,164.0,ped
3430,14,392.5,164.0,ped
3431,14,392.5,164.0,ped
3432,14,392.0,164.0,ped
3433,14,392.0,164.0,ped
3434,14,392.0,164.0,ped
3435,14,392.0,164.0,ped
3436,14,392.0,164.0,ped
3437,14,392.0,164.0,ped
3438,14,392.0,164.0,ped
3439,14,392.0,164.0,ped
3440,14,391.5,164.0,ped
3441,14,391.5,164.0,ped
3442,14,391.5,164.0,ped
3443,14,391.5,164.0,ped
3444,14,390.5,163.5,ped
3445,14,391.0,163.0,ped
3446,14,391.5,163.5,ped
3447,14,391.5,163.5,ped
3448,14,391.5,163.5,ped
3449,14,392.0,163.5,ped
3450,14,391.5,163.5,ped
3451,14,392.0,164.0,ped
3452,14,392.0,164.0,ped
3453,14,391.0,164.0,ped
3454,14,391.0,164.0,ped
3455,14,391.5,164.0,ped
3456,14,391.5,164.0,ped
3457,14,391.5,164.0,ped
3458,14,391.5,164.0,ped
3459,14,391.5,164.0,ped
3460,14,391.5,164.0,ped
3461,14,391.0,163.5,ped
3462,14,391.0,163.5,ped
3463,14,391.0,163.5,ped
3464,14,391.0,163.5,ped
3465,14,391.0,164.0,ped
3466,14,390.0,164.0,ped
3467,14,390.5,164.0,ped
3468,14,390.5,164.0,ped
3469,14,390.5,164.0,ped
3470,14,390.0,164.0,ped
3471,14,390.0,164.0,ped
3472,14,390.5,164.0,ped
3473,14,390.0,164.0,ped
3474,14,389.5,164.0,ped
3475,14,389.5,164.0,ped
3476,14,390.0,164.0,ped
3477,14,389.5,164.0,ped
3478,14,390.0,164.0,ped
3479,14,390.5,164.0,ped
3480,14,390.5,164.0,ped
3481,14,391.0,164.0,ped
3482,14,390.5,164.0,ped
3483,14,390.5,164.0,ped
3484,14,391.0,164.0,ped
3485,14,390.5,164.0,ped
3486,14,390.5,164.0,ped
3487,14,391.0,163.5,ped
3488,14,391.0,164.0,ped
3489,14,391.0,164.0,ped
3490,14,390.5,163.5,ped
3491,14,390.5,163.5,ped
3492,14,390.5,163.5,ped
3493,14,390.0,163.5,ped
3494,14,390.5,163.5,ped
3495,14,389.0,163.5,ped
3496,14,388.5,163.5,ped
3497,14,388.5,163.5,ped
3498,14,388.5,163.5,ped
3499,14,388.5,163.5,ped
3500,14,388.5,163.5,ped
3501,14,390.0,163.5,ped
3502,14,390.0,163.5,ped
3503,14,389.0,163.5,ped
3504,14,388.5,163.5,ped
3505,14,388.5,163.5,ped
3506,14,388.5,163.5,ped
3507,14,388.0,163.5,ped
3508,14,388.5,163.5,ped
3509,14,388.5,163.5,ped
3510,14,389.0,163.5,ped
3511,14,389.0,163.5,ped
3512,14,389.5,163.5,ped
3513,14,389.0,163.5,ped
3514,14,388.5,163.5,ped
3515,14,388.0,163.5,ped
3516,14,388.0,163.5,ped
3517,14,388.0,163.5,ped
3518,14,388.0,163.5,ped
3519,14,388.5,163.5,ped
3520,14,388.0,163.5,ped
3521,14,388.5,163.5,ped
3522,14,388.5,163.5,ped
3523,14,388.5,163.5,ped
3524,14,388.5,163.5,ped
3525,14,388.5,163.5,ped
3526,14,388.5,163.5,ped
3527,14,388.5,163.5,ped
3528,14,388.5,163.5,ped
3529,14,388.5,163.5,ped
3530,14,388.5,163.5,ped
3531,14,389.5,163.5,ped
3532,14,389.0,163.5,ped
3533,14,389.0,163.5,ped
3534,14,390.0,163.5,ped
3535,14,390.0,163.5,ped
3536,14,389.5,163.5,ped
3537,14,390.5,163.5,ped
3538,14,390.0,163.5,ped
3539,14,390.5,163.5,ped
3540,14,390.0,163.5,ped
3541,14,391.0,163.5,ped
3542,14,390.5,163.5,ped
3543,14,391.5,163.5,ped
3544,14,391.0,163.5,ped
3545,14,391.5,163.5,ped
3546,14,391.5,163.5,ped
3547,14,391.5,163.0,ped
3548,14,391.5,162.5,ped
3549,14,391.0,163.5,ped
3550,14,391.5,163.5,ped
3551,14,391.5,163.5,ped
3552,14,391.0,163.5,ped
3553,14,391.0,163.5,ped
3554,14,391.0,163.5,ped
3555,14,391.0,163.5,ped
3556,14,391.0,163.5,ped
3557,14,391.0,163.5,ped
3558,14,391.0,163.5,ped
3559,14,391.0,163.5,ped
3560,14,391.0,163.5,ped
3561,14,391.0,163.5,ped
3562,14,391.0,163.5,ped
3563,14,391.0,163.5,ped
3564,14,391.0,163.5,ped
3565,14,391.0,163.5,ped
3566,14,391.0,163.5,ped
3567,14,391.0,163.5,ped
3568,14,391.0,163.5,ped
3569,14,390.5,164.0,ped
3570,14,390.5,164.0,ped
3571,14,390.0,163.5,ped
3572,14,390.0,164.0,ped
3573,14,390.5,164.0,ped
3574,14,390.5,164.0,ped
3575,14,391.5,163.5,ped
3576,14,391.5,163.5,ped
3577,14,391.0,163.5,ped
3578,14,391.5,163.5,ped
3579,14,391.5,163.5,ped
3580,14,391.5,163.5,ped
3581,14,391.5,163.5,ped
3582,14,392.5,163.5,ped
3583,14,392.5,163.5,ped
3584,14,392.5,163.5,ped
3585,14,392.5,163.5,ped
3586,14,392.5,163.5,ped
3587,14,392.0,163.5,ped
3588,14,392.0,164.0,ped
3589,14,392.0,164.0,ped
3590,14,392.0,164.0,ped
3591,14,392.0,164.0,ped
3592,14,392.0,164.0,ped
3593,14,392.0,164.0,ped
3594,14,392.0,164.0,ped
3595,14,392.0,164.0,ped
3596,14,392.0,164.0,ped
3597,14,392.0,164.0,ped
3598,14,392.0,164.0,ped
3599,14,392.0,164.0,ped
3600,14,392.0,164.0,ped
3601,14,392.0,164.0,ped
3602,14,392.0,164.0,ped
3603,14,392.0,164.0,ped
3604,14,392.0,164.0,ped
3605,14,392.0,164.0,ped
3606,14,392.0,163.5,ped
3607,14,392.0,163.5,ped
3608,14,392.0,163.5,ped
3609,14,392.5,164.0,ped
3610,14,392.0,164.0,ped
3611,14,392.0,164.0,ped
3612,14,392.5,164.0,ped
3613,14,392.5,164.0,ped
3614,14,392.0,164.0,ped
3615,14,392.0,164.0,ped
3616,14,392.0,164.0,ped
3617,14,392.5,164.0,ped
3618,14,392.5,164.0,ped
3619,14,392.5,164.0,ped
3620,14,392.5,164.0,ped
3621,14,392.5,164.0,ped
3622,14,392.5,164.0,ped
3623,14,392.5,164.0,ped
3624,14,392.0,164.0,ped
3625,14,392.0,164.0,ped
3626,14,392.0,164.0,ped
3627,14,392.0,164.0,ped
3628,14,391.5,164.0,ped
3629,14,391.5,164.0,ped
3630,14,391.5,164.0,ped
3631,14,392.0,164.0,ped
3632,14,392.0,164.0,ped
3633,14,392.0,164.0,ped
3634,14,392.0,164.0,ped
3635,14,391.5,164.0,ped
3636,14,392.0,164.0,ped
3637,14,392.0,164.0,ped
3638,14,392.0,164.0,ped
3639,14,392.0,164.0,ped
3640,14,391.0,164.0,ped
3641,14,391.5,164.0,ped
3642,14,390.5,164.0,ped
3643,14,390.5,164.0,ped
3644,14,391.0,164.0,ped
3645,14,390.0,164.0,ped
3646,14,390.0,164.0,ped
3647,14,390.5,164.0,ped
3648,14,389.5,164.0,ped
3649,14,389.5,164.0,ped
3650,14,390.0,163.5,ped
3651,14,390.0,163.0,ped
3652,14,390.0,164.0,ped
3653,14,390.0,164.0,ped
3654,14,390.0,164.0,ped
3655,14,390.5,164.0,ped
3656,14,390.5,163.5,ped
3657,14,390.0,163.5,ped
3658,14,390.0,164.0,ped
3659,14,390.0,163.5,ped
3660,14,390.5,163.5,ped
3661,14,390.5,163.5,ped
3662,14,390.0,163.5,ped
3663,14,390.0,163.5,ped
3664,14,390.0,163.5,ped
3665,14,390.0,163.5,ped
3666,14,391.0,163.5,ped
3667,14,391.0,163.5,ped
3668,14,391.0,163.5,ped
3669,14,391.0,163.5,ped
3670,14,391.0,163.5,ped
3671,14,391.0,163.5,ped
3672,14,391.5,163.5,ped
3673,14,391.0,164.0,ped
3674,14,391.5,164.0,ped
3675,14,391.5,164.0,ped
3676,14,391.5,164.0,ped
3677,14,391.5,164.0,ped
3678,14,391.5,164.0,ped
3679,14,392.0,164.0,ped
3680,14,391.5,164.0,ped
3681,14,391.5,164.0,ped
3682,14,391.5,164.0,ped
3683,14,391.5,164.0,ped
3684,14,391.5,164.0,ped
3685,14,391.5,164.0,ped
3686,14,391.5,164.0,ped
3687,14,391.5,164.0,ped
3688,14,391.5,164.0,ped
3689,14,391.5,164.0,ped
3690,14,391.5,164.0,ped
3691,14,391.5,164.0,ped
3692,14,391.5,164.0,ped
3693,14,391.5,164.0,ped
3694,14,391.5,164.0,ped
3695,14,391.5,164.0,ped
3696,14,391.5,164.0,ped
3697,14,391.5,164.0,ped
3698,14,391.5,164.0,ped
3699,14,391.5,164.0,ped
3700,14,391.5,164.0,ped
3701,14,391.5,164.0,ped
3702,14,391.5,164.0,ped
3703,14,391.5,164.0,ped
3704,14,391.5,164.0,ped
3705,14,391.5,164.0,ped
3706,14,391.5,164.0,ped
3707,14,391.5,164.0,ped
3708,14,391.5,164.0,ped
3709,14,391.5,164.0,ped
3710,14,391.5,164.0,ped
3711,14,391.5,164.0,ped
3712,14,391.0,164.0,ped
3713,14,391.5,164.0,ped
3714,14,391.5,164.0,ped
3715,14,391.5,164.0,ped
3716,14,391.5,164.0,ped
3717,14,391.5,164.0,ped
3718,14,392.5,164.0,ped
3719,14,392.0,164.0,ped
3720,14,391.5,164.0,ped
3721,14,392.5,164.0,ped
3722,14,392.5,164.0,ped
3723,14,392.5,164.0,ped
3724,14,392.0,164.0,ped
3725,14,393.0,164.0,ped
3726,14,393.0,164.0,ped
3727,14,392.5,163.5,ped
3728,14,392.5,163.5,ped
3729,14,392.5,163.5,ped
3730,14,392.5,163.5,ped
3731,14,392.0,164.0,ped
3732,14,392.5,164.0,ped
3733,14,392.5,164.0,ped
3734,14,392.5,164.0,ped
3735,14,392.5,164.0,ped
3736,14,392.5,164.0,ped
3737,14,392.5,164.0,ped
3738,14,393.0,164.0,ped
3739,14,392.5,164.0,ped
3740,14,392.5,164.0,ped
3741,14,392.5,164.0,ped
3742,14,392.5,164.0,ped
3743,14,392.5,164.0,ped
3744,14,392.5,164.0,ped
3745,14,392.5,164.0,ped
3746,14,392.5,164.0,ped
3747,14,392.5,164.0,ped
3748,14,392.5,164.0,ped
3749,14,392.5,164.0,ped
3750,14,392.5,164.0,ped
3751,14,392.0,164.0,ped
3752,14,392.0,164.0,ped
3753,14,392.0,164.0,ped
3754,14,392.0,164.0,ped
3755,14,391.5,164.0,ped
3756,14,391.5,164.0,ped
3757,14,392.0,164.0,ped
3758,14,391.5,164.0,ped
3759,14,391.5,164.0,ped
3760,14,391.5,164.0,ped
3761,14,391.5,164.0,ped
3762,14,391.5,164.0,ped
3763,14,391.5,164.0,ped
3764,14,391.5,164.0,ped
3765,14,392.0,164.0,ped
3766,14,392.0,164.0,ped
3767,14,391.5,164.0,ped
3768,14,392.5,164.0,ped
3769,14,392.5,164.0,ped
3770,14,392.5,164.0,ped
3771,14,392.5,164.0,ped
3772,14,392.5,164.0,ped
3773,14,392.0,164.0,ped
3774,14,391.0,164.0,ped
3775,14,391.0,164.0,ped
3776,14,391.5,164.0,ped
3777,14,392.5,164.0,ped
3778,14,392.5,164.0,ped
3779,14,392.5,164.0,ped
3780,14,392.5,164.0,ped
3781,14,392.5,164.0,ped
3782,14,392.5,164.0,ped
3783,14,392.5,164.0,ped
3784,14,392.5,164.0,ped
3785,14,392.5,164.0,ped
3786,14,392.5,164.0,ped
3787,14,392.5,164.0,ped
3788,14,392.5,164.0,ped
3789,14,392.5,164.0,ped
3790,14,392.5,164.0,ped
3791,14,392.5,164.0,ped
3792,14,392.5,164.0,ped
3793,14,392.0,164.0,ped
3794,14,391.0,164.0,ped
3795,14,391.0,164.0,ped
3796,14,391.5,164.0,ped
3797,14,392.5,164.0,ped
3798,14,392.0,164.0,ped
3799,14,391.0,164.0,ped
3800,14,391.0,164.0,ped
3801,14,391.0,164.0,ped
3802,14,391.0,164.0,ped
3803,14,391.0,164.0,ped
3804,14,391.0,164.0,ped
3805,14,391.0,164.0,ped
3806,14,391.5,164.0,ped
3807,14,392.0,164.0,ped
3808,14,391.5,164.0,ped
3809,14,392.5,164.0,ped
3810,14,392.5,164.0,ped
3811,14,392.5,164.0,ped
3813,14,392.0,164.0,ped
3814,14,391.0,164.0,ped
3815,14,391.0,164.0,ped
3816,14,391.5,164.0,ped
3817,14,392.0,164.0,ped
3818,14,391.5,164.0,ped
3819,14,391.5,164.0,ped
3820,14,391.0,164.0,ped
3821,14,391.0,164.0,ped
3822,14,391.0,164.0,ped
3823,14,391.0,164.0,ped
3824,14,391.0,164.0,ped
3825,14,391.0,164.0,ped
3826,14,391.0,164.0,ped
3827,14,391.5,164.0,ped
3828,14,390.5,164.0,ped
3829,14,391.5,163.5,ped
3830,14,392.0,163.5,ped
3831,14,392.0,163.5,ped
3832,14,392.0,163.5,ped
3833,14,392.0,163.5,ped
3834,14,391.5,163.5,ped
3835,14,392.0,163.5,ped
3836,14,392.0,163.5,ped
3837,14,392.0,163.5,ped
3838,14,392.0,163.5,ped
3839,14,391.5,163.5,ped
3840,14,392.0,163.5,ped
3841,14,392.0,163.5,ped
3842,14,391.5,163.5,ped
3843,14,391.5,163.5,ped
3844,14,391.5,163.5,ped
3845,14,392.0,163.5,ped
3846,14,391.5,163.5,ped
3847,14,391.5,163.5,ped
3848,14,391.5,163.5,ped
3849,14,391.5,163.5,ped
3850,14,391.5,163.5,ped
3851,14,391.5,163.5,ped
3852,14,392.0,163.5,ped
3853,14,392.0,163.5,ped
3854,14,392.0,163.5,ped
3855,14,392.0,163.5,ped
3856,14,392.0,163.5,ped
3857,14,392.0,163.5,ped
3858,14,392.0,163.5,ped
3859,14,392.0,163.5,ped
3860,14,392.5,163.5,ped
3861,14,392.5,163.5,ped
3862,14,392.5,163.5,ped
3863,14,392.0,163.5,ped
3864,14,391.5,163.5,ped
3865,14,391.5,163.5,ped
3866,14,391.5,163.5,ped
3867,14,391.5,163.5,ped
3868,14,391.5,163.5,ped
3869,14,391.5,163.5,ped
3870,14,391.0,163.5,ped
3871,14,390.0,163.5,ped
3872,14,390.0,163.5,ped
3873,14,390.0,163.5,ped
3874,14,391.0,163.0,ped
3875,14,390.5,163.0,ped
3876,14,390.5,163.0,ped
3877,14,390.5,163.0,ped
3878,14,390.5,163.0,ped
3879,14,390.5,163.0,ped
3880,14,390.0,163.0,ped
3881,14,390.0,163.0,ped
3882,14,390.0,163.0,ped
3883,14,390.0,163.0,ped
3884,14,390.0,163.0,ped
3885,14,390.0,163.0,ped
3886,14,390.0,163.0,ped
3887,14,390.0,163.0,ped
3888,14,390.0,163.0,ped
3889,14,389.5,163.0,ped
3890,14,389.5,163.0,ped
3891,14,389.5,163.0,ped
3892,14,389.5,163.0,ped
3893,14,389.5,163.0,ped
3894,14,389.0,163.0,ped
3895,14,389.0,163.0,ped
3896,14,389.0,163.0,ped
3897,14,389.0,163.0,ped
3898,14,389.0,163.0,ped
3899,14,389.0,163.5,ped
3900,14,389.0,163.5,ped
3901,14,388.5,163.5,ped
3902,14,389.0,163.5,ped
3903,14,388.5,163.5,ped
3904,14,388.5,163.5,ped
3905,14,389.0,163.5,ped
3906,14,389.0,163.5,ped
3907,14,389.5,163.5,ped
3908,14,389.5,163.5,ped
3909,14,389.5,164.0,ped
3910,14,389.0,164.0,ped
3911,14,389.0,164.0,ped
3912,14,389.0,164.0,ped
3913,14,389.5,164.0,ped
3914,14,389.5,164.0,ped
3915,14,389.5,164.0,ped
3916,14,389.5,164.0,ped
3917,14,389.0,164.0,ped
3918,14,389.5,164.0,ped
3919,14,388.5,164.0,ped
3920,14,388.5,164.0,ped
3921,14,390.0,164.0,ped
3922,14,390.0,164.0,ped
3923,14,390.0,164.0,ped
3924,14,390.5,164.0,ped
3925,14,390.5,164.0,ped
3926,14,390.5,164.0,ped
3927,14,390.5,164.0,ped
3928,14,390.5,164.0,ped
3929,14,390.5,164.0,ped
3930,14,391.0,164.0,ped
3931,14,391.0,164.0,ped
3932,14,391.0,164.0,ped
3933,14,390.5,164.0,ped
3934,14,390.0,164.0,ped
3935,14,390.0,164.0,ped
3936,14,390.5,164.0,ped
3937,14,390.5,164.0,ped
3938,14,390.0,164.0,ped
3939,14,390.0,164.0,ped
3940,14,390.0,164.0,ped
3941,14,390.0,164.0,ped
3942,14,390.0,164.0,ped
3943,14,390.0,164.0,ped
3944,14,390.0,164.0,ped
3945,14,390.0,164.0,ped
3946,14,390.0,164.0,ped
3947,14,389.5,164.0,ped
3948,14,390.0,164.0,ped
3949,14,390.0,164.0,ped
3950,14,390.0,164.0,ped
3951,14,390.0,164.0,ped
3952,14,390.0,164.0,ped
3953,14,390.0,164.0,ped
3954,14,390.0,164.0,ped
3955,14,390.0,164.0,ped
3956,14,390.0,164.0,ped
3957,14,390.0,164.0,ped
3958,14,390.0,164.0,ped
3959,14,390.0,164.0,ped
3960,14,390.0,164.0,ped
3961,14,390.0,164.0,ped
3962,14,390.0,164.0,ped
3963,14,390.0,164.0,ped
3964,14,390.0,164.0,ped
3965,14,391.0,164.0,ped
3966,14,391.0,164.0,ped
3967,14,391.0,164.0,ped
3968,14,390.5,164.0,ped
3969,14,389.5,164.0,ped
3970,14,389.5,164.0,ped
3971,14,389.5,164.0,ped
3972,14,389.5,164.0,ped
3973,14,389.5,164.0,ped
3974,14,389.5,164.0,ped
3975,14,390.0,164.0,ped
3976,14,391.0,164.0,ped
3977,14,391.0,164.0,ped
3978,14,391.0,164.0,ped
3979,14,391.0,164.0,ped
3980,14,391.0,164.0,ped
3981,14,390.0,164.0,ped
3982,14,389.5,164.0,ped
3983,14,388.5,164.0,ped
3984,14,388.5,164.0,ped
3985,14,388.5,164.0,ped
3986,14,389.0,164.0,ped
3987,14,389.5,163.5,ped
3988,14,389.5,163.5,ped
3989,14,389.5,163.5,ped
3990,14,389.5,163.5,ped
3991,14,389.0,163.5,ped
3992,14,389.0,163.5,ped
3993,14,388.5,163.5,ped
3994,14,388.5,163.5,ped
3995,14,388.5,163.5,ped
3996,14,388.5,163.5,ped
3997,14,388.5,163.5,ped
3998,14,389.0,163.5,ped
3999,14,388.5,163.5,ped
4000,14,389.0,164.0,ped
4001,14,390.0,164.0,ped
4002,14,389.5,164.0,ped
4003,14,389.5,164.0,ped
4004,14,389.5,164.0,ped
4005,14,389.5,164.0,ped
4006,14,390.0,164.0,ped
4007,14,390.0,164.0,ped
4008,14,391.0,163.5,ped
4009,14,391.0,163.5,ped
4010,14,390.5,163.5,ped
4011,14,390.5,163.5,ped
4012,14,390.0,163.5,ped
4013,14,390.0,163.5,ped
4014,14,390.0,164.0,ped
4015,14,390.0,164.0,ped
4016,14,390.5,163.5,ped
4017,14,390.5,163.5,ped
4018,14,391.0,163.5,ped
4019,14,391.0,163.5,ped
4020,14,390.5,163.5,ped
4021,14,390.5,163.5,ped
4022,14,390.5,163.5,ped
4023,14,390.5,163.5,ped
4024,14,391.0,163.5,ped
4025,14,391.0,163.5,ped
4026,14,391.0,163.5,ped
4027,14,391.5,163.5,ped
4028,14,391.0,163.5,ped
4029,14,391.5,163.5,ped
4030,14,391.5,163.5,ped
4031,14,391.5,163.5,ped
4032,14,391.5,163.5,ped
4033,14,391.5,163.5,ped
4034,14,391.5,163.5,ped
4035,14,391.5,163.5,ped
4036,14,391.5,163.5,ped
4037,14,391.5,163.5,ped
4038,14,391.5,163.5,ped
4039,14,391.5,163.5,ped
4040,14,391.5,163.5,ped
4041,14,391.5,163.5,ped
4042,14,391.5,163.5,ped
4043,14,391.5,163.0,ped
4044,14,391.5,163.5,ped
4045,14,391.5,163.0,ped
4046,14,392.0,163.0,ped
4047,14,392.0,163.0,ped
4048,14,392.0,163.5,ped
4049,14,392.0,163.5,ped
4050,14,392.0,163.0,ped
4051,14,392.0,163.0,ped
4052,14,392.0,163.0,ped
4053,14,392.0,163.0,ped
4054,14,391.0,163.5,ped
4055,14,391.0,163.5,ped
4056,14,391.5,163.5,ped
4057,14,391.5,163.5,ped
4058,14,391.5,163.5,ped
4059,14,391.5,163.5,ped
4060,14,391.5,163.5,ped
4061,14,391.5,163.5,ped
4062,14,391.5,163.5,ped
4063,14,391.5,163.5,ped
4064,14,391.5,163.5,ped
4065,14,391.0,163.5,ped
4066,14,391.0,163.5,ped
4067,14,391.5,163.5,ped
4068,14,391.5,163.5,ped
4069,14,391.0,163.5,ped
4070,14,390.5,163.5,ped
4071,14,390.5,163.5,ped
4072,14,391.0,163.5,ped
4073,14,391.0,163.5,ped
4074,14,391.0,164.0,ped
4075,14,391.5,164.0,ped
4076,14,391.5,163.5,ped
4077,14,391.0,164.0,ped
4078,14,391.0,164.0,ped
4079,14,390.5,164.0,ped
4080,14,391.0,164.0,ped
4081,14,390.5,164.0,ped
4082,14,390.5,164.0,ped
4083,14,390.5,164.0,ped
4084,14,390.5,164.0,ped
4085,14,390.5,164.0,ped
4086,14,390.5,164.0,ped
4087,14,390.5,163.5,ped
4088,14,390.5,163.0,ped
4089,14,390.5,163.0,ped
4090,14,391.0,163.0,ped
4091,14,391.0,163.0,ped
4092,14,391.0,163.0,ped
4093,14,390.5,163.0,ped
4094,14,391.0,163.0,ped
4095,14,390.5,163.0,ped
4096,14,390.5,163.5,ped
4097,14,390.5,163.5,ped
4098,14,390.5,163.5,ped
4099,14,391.0,163.5,ped
4100,14,391.0,163.0,ped
4101,14,391.0,163.0,ped
4102,14,391.0,163.0,ped
4103,14,391.0,163.0,ped
4104,14,391.0,163.0,ped
4105,14,391.0,163.0,ped
4106,14,391.0,163.0,ped
4107,14,391.5,163.5,ped
4108,14,391.0,163.5,ped
4109,14,391.5,163.5,ped
4110,14,391.5,163.5,ped
4111,14,391.5,163.0,ped
4112,14,391.0,163.0,ped
4113,14,391.0,163.0,ped
4114,14,391.5,163.0,ped
4115,14,391.5,163.0,ped
4116,14,391.0,163.0,ped
4117,14,391.5,163.5,ped
4118,14,391.0,163.5,ped
4119,14,390.5,163.0,ped
4120,14,390.5,163.0,ped
4121,14,391.0,163.0,ped
4122,14,391.0,163.0,ped
4123,14,391.0,163.0,ped
4124,14,391.0,163.0,ped
4125,14,391.0,163.0,ped
4126,14,391.0,163.0,ped
4127,14,391.0,163.0,ped
4128,14,391.0,163.0,ped
4129,14,391.0,163.0,ped
4130,14,391.5,163.0,ped
4131,14,391.5,163.0,ped
4132,14,391.5,163.0,ped
4133,14,391.5,163.0,ped
4134,14,391.5,163.0,ped
4135,14,391.5,163.0,ped
4136,14,391.5,163.0,ped
4137,14,391.5,163.0,ped
4138,14,391.5,163.0,ped
4139,14,391.5,163.0,ped
4140,14,391.5,163.0,ped
4141,14,391.5,163.0,ped
4142,14,392.0,163.0,ped
4143,14,392.0,163.0,ped
4144,14,392.0,163.0,ped
4145,14,392.0,163.0,ped
4146,14,392.0,163.0,ped
4147,14,392.0,163.0,ped
4148,14,392.0,163.0,ped
4149,14,392.0,163.0,ped
4150,14,391.5,163.5,ped
4151,14,392.0,163.5,ped
4152,14,391.5,163.5,ped
4153,14,391.5,163.5,ped
4154,14,391.5,163.5,ped
4155,14,392.0,163.0,ped
4156,14,391.5,163.0,ped
4157,14,391.5,163.0,ped
4158,14,391.5,163.0,ped
4159,14,391.5,163.0,ped
4160,14,391.5,163.0,ped
4161,14,391.5,163.0,ped
4162,14,391.5,163.0,ped
4163,14,391.5,163.0,ped
4164,14,391.5,163.0,ped
4165,14,391.5,163.0,ped
4166,14,391.5,163.0,ped
4167,14,391.5,163.0,ped
4168,14,391.5,163.0,ped
4169,14,391.0,163.0,ped
4170,14,391.0,163.0,ped
4171,14,391.0,163.0,ped
4172,14,390.5,163.0,ped
4173,14,390.0,163.0,ped
4174,14,390.0,163.0,ped
4175,14,390.5,163.5,ped
4176,14,390.5,163.0,ped
4177,14,390.5,163.0,ped
4178,14,390.5,163.5,ped
4179,14,390.5,163.5,ped
4180,14,391.0,163.5,ped
4181,14,391.0,163.5,ped
4182,14,391.5,163.5,ped
4183,14,391.5,163.5,ped
4184,14,392.0,163.5,ped
4185,14,391.5,163.5,ped
4186,14,392.0,163.5,ped
4187,14,392.5,163.5,ped
4188,14,392.5,163.5,ped
4189,14,392.5,163.5,ped
4190,14,392.5,163.5,ped
4191,14,392.5,163.5,ped
4192,14,392.5,163.5,ped
4193,14,392.5,163.5,ped
4194,14,392.5,163.5,ped
4195,14,392.5,163.5,ped
4196,14,392.5,163.5,ped
4197,14,392.5,163.5,ped
4198,14,392.5,163.5,ped
4199,14,392.5,163.5,ped
4200,14,392.5,163.5,ped
4201,14,392.5,163.5,ped
4202,14,392.5,163.5,ped
4203,14,392.5,163.5,ped
4204,14,392.5,163.5,ped
4205,14,392.5,163.5,ped
4206,14,392.5,163.5,ped
4207,14,392.5,163.5,ped
4208,14,392.5,163.5,ped
4209,14,392.5,163.5,ped
4210,14,392.0,163.5,ped
4211,14,392.0,163.5,ped
4212,14,392.0,163.5,ped
4213,14,392.0,163.5,ped
4214,14,392.0,163.5,ped
4215,14,392.5,163.5,ped
4216,14,392.5,163.5,ped
4217,14,392.5,163.5,ped
4218,14,392.5,163.5,ped
4219,14,392.5,163.5,ped
4220,14,392.5,163.5,ped
4221,14,392.5,163.5,ped
4222,14,392.5,163.5,ped
4223,14,392.5,163.5,ped
4224,14,392.5,163.5,ped
4225,14,392.5,163.5,ped
4226,14,392.5,163.5,ped
4227,14,392.5,163.5,ped
4228,14,392.5,163.5,ped
4229,14,392.5,163.5,ped
4230,14,392.5,163.5,ped
4231,14,393.5,163.5,ped
4232,14,393.5,163.5,ped
4233,14,393.5,163.5,ped
4234,14,393.5,163.5,ped
4235,14,393.0,163.5,ped
4236,14,392.5,163.5,ped
4237,14,393.5,163.5,ped
4238,14,393.0,163.5,ped
4239,14,392.0,163.5,ped
4240,14,392.0,163.5,ped
4241,14,392.0,163.5,ped
4242,14,392.5,163.5,ped
4243,14,393.5,163.5,ped
4244,14,393.5,163.5,ped
4245,14,393.0,163.5,ped
4246,14,392.0,163.5,ped
4247,14,392.5,164.0,ped
4248,14,393.0,164.0,ped
4249,14,393.0,164.0,ped
4250,14,393.0,164.0,ped
4251,14,392.0,164.0,ped
4252,14,392.0,164.0,ped
4253,14,392.0,164.0,ped
4254,14,392.5,164.0,ped
4255,14,392.5,164.0,ped
4256,14,392.5,164.0,ped
4257,14,392.5,164.0,ped
4258,14,392.5,164.0,ped
4259,14,392.5,164.0,ped
4260,14,392.5,164.0,ped
4261,14,392.5,164.0,ped
4262,14,392.5,164.0,ped
4263,14,392.5,164.0,ped
4264,14,392.5,164.0,ped
4265,14,392.5,164.0,ped
4266,14,392.5,164.0,ped
4267,14,392.5,164.0,ped
4268,14,392.5,164.0,ped
4269,14,392.5,164.0,ped
4270,14,392.5,164.0,ped
4271,14,392.5,164.0,ped
4272,14,392.5,164.0,ped
4273,14,392.5,164.0,ped
4274,14,392.5,164.0,ped
4275,14,392.5,164.0,ped
4276,14,392.5,164.0,ped
4277,14,392.5,164.0,ped
4278,14,392.5,164.0,ped
4279,14,392.5,164.0,ped
4280,14,392.5,164.0,ped
4281,14,392.0,164.0,ped
4282,14,392.0,164.0,ped
4283,14,392.0,164.0,ped
4284,14,392.0,164.0,ped
4285,14,392.0,164.0,ped
4286,14,392.0,164.0,ped
4287,14,392.0,164.0,ped
4288,14,392.0,164.0,ped
4289,14,392.0,164.0,ped
4290,14,393.0,164.0,ped
4291,14,393.0,164.0,ped
4292,14,393.0,164.0,ped
4293,14,392.5,164.0,ped
4294,14,392.0,164.0,ped
4295,14,393.0,164.0,ped
4296,14,392.5,164.0,ped
4297,14,391.5,164.0,ped
4298,14,392.0,164.0,ped
4299,14,391.0,164.0,ped
4300,14,391.0,164.0,ped
4301,14,391.0,164.0,ped
4302,14,391.0,164.0,ped
4303,14,391.5,164.0,ped
4304,14,392.5,164.0,ped
4305,14,392.5,164.0,ped
4306,14,392.5,164.0,ped
4307,14,391.5,164.0,ped
4308,14,390.5,164.0,ped
4309,14,390.5,164.0,ped
4310,14,390.5,164.0,ped
4311,14,391.0,164.0,ped
4312,14,391.0,164.0,ped
4313,14,391.5,164.0,ped
4314,14,392.5,164.0,ped
4315,14,392.0,164.0,ped
4316,14,391.5,164.0,ped
4317,14,392.5,164.0,ped
4318,14,392.5,164.0,ped
4319,14,392.0,164.0,ped
4320,14,391.5,164.0,ped
4321,14,391.5,163.5,ped
4322,14,391.0,164.0,ped
4323,14,391.5,164.0,ped
4324,14,391.5,163.5,ped
4325,14,391.5,163.5,ped
4326,14,391.5,163.5,ped
4327,14,391.5,163.5,ped
4328,14,391.5,163.5,ped
4329,14,391.5,163.5,ped
4330,14,392.0,163.5,ped
4331,14,391.5,163.5,ped
4332,14,392.0,163.5,ped
4333,14,391.5,163.5,ped
4334,14,392.0,163.5,ped
4335,14,391.5,163.5,ped
4336,14,391.5,163.5,ped
4337,14,391.5,163.5,ped
4338,14,391.5,163.5,ped
4339,14,391.5,163.5,ped
4340,14,391.5,163.5,ped
4341,14,391.5,163.5,ped
4342,14,391.5,163.5,ped
4343,14,392.0,163.5,ped
4344,14,392.0,163.5,ped
4345,14,392.0,163.5,ped
4346,14,391.5,163.5,ped
4347,14,391.5,163.5,ped
4348,14,391.5,163.5,ped
4349,14,392.0,163.5,ped
4350,14,392.0,163.5,ped
4351,14,392.0,163.5,ped
4352,14,392.0,163.5,ped
4353,14,392.0,163.5,ped
4354,14,392.0,163.5,ped
4355,14,392.0,163.5,ped
4356,14,392.0,163.5,ped
4357,14,392.0,163.5,ped
4358,14,392.5,163.5,ped
4359,14,392.5,163.5,ped
4360,14,392.0,163.5,ped
4361,14,392.0,163.5,ped
4362,14,392.0,163.5,ped
4363,14,392.0,163.5,ped
4364,14,392.0,163.5,ped
4365,14,392.0,163.5,ped
4366,14,392.0,163.5,ped
4367,14,392.0,163.5,ped
4368,14,392.0,163.5,ped
4369,14,392.0,163.5,ped
4370,14,392.0,163.5,ped
4371,14,392.0,163.5,ped
4372,14,392.0,163.5,ped
4373,14,392.0,163.5,ped
4374,14,392.0,163.5,ped
4375,14,392.0,163.5,ped
4376,14,392.0,163.5,ped
4377,14,392.0,163.5,ped
4378,14,392.0,163.5,ped
4379,14,392.0,163.5,ped
4380,14,392.5,163.5,ped
4381,14,392.0,163.5,ped
4382,14,391.5,163.5,ped
4383,14,392.0,163.5,ped
4384,14,392.0,163.5,ped
4385,14,392.0,163.5,ped
4386,14,392.0,163.5,ped
4387,14,392.0,163.5,ped
4388,14,391.5,163.5,ped
4389,14,392.0,163.5,ped
4390,14,391.0,163.5,ped
4391,14,391.0,163.5,ped
4392,14,391.5,163.5,ped
4393,14,391.0,163.5,ped
4394,14,390.0,163.5,ped
4395,14,390.5,163.5,ped
4402,14,390.0,163.5,ped
4403,14,390.5,163.5,ped
4409,14,390.0,163.5,ped
4410,14,390.5,163.5,ped
4418,14,390.5,163.5,ped
4419,14,391.5,163.5,ped
4420,14,391.5,163.5,ped
4421,14,391.5,163.5,ped
4422,14,391.5,163.5,ped
4442,14,391.5,163.5,ped
4443,14,390.5,163.5,ped
4444,14,390.5,163.5,ped
4445,14,391.0,163.5,ped
4449,14,391.0,163.5,ped
4450,14,390.0,163.5,ped
4451,14,390.5,163.5,ped
4452,14,389.5,163.5,ped
4453,14,389.5,163.5,ped
4454,14,389.5,163.5,ped
4455,14,390.0,163.5,ped
4456,14,390.0,163.5,ped
4457,14,390.5,163.5,ped
4458,14,391.5,163.5,ped
4459,14,391.0,163.5,ped
4460,14,391.5,163.5,ped
4461,14,391.0,163.5,ped
4462,14,391.5,163.5,ped
4463,14,391.5,163.5,ped
4464,14,391.0,163.5,ped
4465,14,390.0,163.5,ped
4466,14,390.0,163.5,ped
4467,14,390.0,163.5,ped
4468,14,390.0,163.5,ped
4469,14,390.0,163.5,ped
4470,14,390.0,163.5,ped
4471,14,390.0,163.5,ped
4472,14,390.5,163.5,ped
4473,14,391.5,163.5,ped
4474,14,391.5,163.5,ped
4475,14,391.5,163.5,ped
4476,14,391.0,163.5,ped
4477,14,390.0,163.5,ped
4478,14,390.0,163.5,ped
4479,14,390.0,163.5,ped
4480,14,390.5,163.5,ped
4481,14,391.0,163.5,ped
4482,14,390.0,163.5,ped
4483,14,390.5,163.5,ped
4484,14,391.5,163.5,ped
4485,14,391.0,163.5,ped
4486,14,390.0,163.5,ped
4487,14,390.0,163.5,ped
4488,14,390.0,163.5,ped
4489,14,390.0,163.5,ped
4490,14,390.5,163.5,ped
4491,14,391.5,163.5,ped
4492,14,391.5,163.5,ped
4493,14,391.5,163.5,ped
4494,14,391.0,163.5,ped
4495,14,391.5,163.5,ped
4496,14,391.5,163.5,ped
4497,14,391.5,163.5,ped
4498,14,391.5,163.5,ped
4499,14,391.5,163.5,ped
4500,14,391.5,163.5,ped
4501,14,392.0,164.0,ped
4502,14,392.0,164.0,ped
4503,14,392.0,164.0,ped
4504,14,392.0,164.0,ped
4505,14,392.0,163.5,ped
4506,14,392.0,163.5,ped
4507,14,392.5,163.5,ped
4508,14,393.0,163.5,ped
4509,14,393.0,163.5,ped
4510,14,392.5,163.5,ped
4511,14,392.5,163.5,ped
4512,14,392.5,163.5,ped
4513,14,392.5,163.5,ped
4514,14,392.5,163.5,ped
4515,14,392.5,163.5,ped
4516,14,392.5,163.5,ped
4517,14,392.5,163.5,ped
4518,14,392.5,163.5,ped
4519,14,392.5,163.5,ped
4520,14,392.5,163.5,ped
4521,14,392.5,163.5,ped
4522,14,392.5,163.5,ped
4523,14,392.5,163.5,ped
4524,14,393.0,163.5,ped
4525,14,393.0,163.5,ped
4526,14,393.0,163.5,ped
4527,14,393.0,163.5,ped
4528,14,392.5,163.5,ped
4529,14,392.5,163.5,ped
4530,14,392.5,163.5,ped
4531,14,392.5,163.5,ped
4532,14,392.0,163.5,ped
4533,14,392.5,163.5,ped
4534,14,392.5,163.5,ped
4535,14,392.5,163.5,ped
4536,14,392.5,163.5,ped
4537,14,392.5,163.5,ped
4538,14,392.5,163.5,ped
4539,14,392.5,163.5,ped
4540,14,392.5,163.5,ped
4541,14,392.5,163.5,ped
4542,14,391.5,163.5,ped
4543,14,392.0,163.5,ped
4544,14,392.5,163.5,ped
4545,14,392.5,164.0,ped
4546,14,392.5,163.5,ped
4547,14,392.5,163.5,ped
4548,14,392.5,163.5,ped
4549,14,392.5,163.5,ped
4550,14,392.5,163.5,ped
4551,14,392.0,163.5,ped
4552,14,392.0,163.5,ped
4553,14,392.0,163.5,ped
4554,14,392.5,163.5,ped
4555,14,392.5,163.5,ped
4556,14,392.5,163.5,ped
4557,14,392.5,163.5,ped
4558,14,392.5,163.5,ped
4559,14,392.5,163.5,ped
4560,14,392.5,163.5,ped
4561,14,392.5,163.5,ped
4562,14,392.5,163.5,ped
4563,14,392.5,163.5,ped
4564,14,392.5,163.5,ped
4565,14,392.0,163.5,ped
4566,14,392.5,163.5,ped
4567,14,392.5,163.5,ped
4568,14,392.5,163.5,ped
4569,14,392.5,163.5,ped
4570,14,392.5,163.5,ped
4571,14,392.5,163.5,ped
4572,14,392.5,163.5,ped
4573,14,392.5,163.5,ped
4574,14,392.5,163.5,ped
4575,14,392.5,163.5,ped
4576,14,392.5,163.5,ped
4577,14,392.5,163.5,ped
4578,14,392.5,163.5,ped
4579,14,392.5,163.5,ped
4580,14,393.0,163.5,ped
4581,14,392.5,163.5,ped
4582,14,392.5,163.5,ped
4583,14,392.5,163.5,ped
4584,14,391.5,163.5,ped
4585,14,392.0,163.5,ped
4586,14,392.5,163.5,ped
4587,14,391.5,163.5,ped
4588,14,391.5,163.5,ped
4589,14,392.0,163.5,ped
4590,14,393.0,163.5,ped
4591,14,393.0,163.5,ped
4592,14,393.0,163.5,ped
4593,14,393.0,163.5,ped
4594,14,393.0,163.5,ped
4595,14,393.0,163.5,ped
4596,14,393.0,163.5,ped
4597,14,393.0,163.5,ped
4598,14,393.0,163.5,ped
4599,14,393.0,163.5,ped
4600,14,392.5,163.5,ped
4601,14,392.0,163.5,ped
4602,14,392.5,163.5,ped
4603,14,392.0,163.5,ped
4604,14,392.5,163.5,ped
4605,14,391.5,163.5,ped
4606,14,391.5,163.5,ped
4607,14,391.5,163.5,ped
4608,14,391.5,163.5,ped
4609,14,391.5,163.5,ped
4610,14,392.0,163.5,ped
4611,14,393.0,163.5,ped
4612,14,393.0,163.5,ped
4613,14,393.0,163.5,ped
4614,14,393.0,163.5,ped
4615,14,393.0,163.5,ped
4616,14,393.0,163.5,ped
4617,14,393.0,163.5,ped
4618,14,393.0,163.5,ped
4619,14,393.0,163.5,ped
4620,14,393.0,163.5,ped
4621,14,393.0,163.5,ped
4622,14,393.0,163.5,ped
4623,14,393.0,163.5,ped
4624,14,393.0,163.5,ped
4625,14,393.0,163.5,ped
4626,14,393.0,163.5,ped
4627,14,393.0,163.5,ped
4628,14,393.0,163.5,ped
4629,14,393.0,163.5,ped
4630,14,393.0,163.5,ped
4631,14,393.0,163.5,ped
4632,14,393.0,163.5,ped
4633,14,393.0,163.5,ped
4634,14,393.0,163.5,ped
4635,14,393.0,163.5,ped
4636,14,392.5,163.5,ped
4637,14,392.5,163.5,ped
4638,14,392.5,163.5,ped
4639,14,392.5,163.5,ped
4640,14,392.5,163.5,ped
4641,14,392.5,163.5,ped
4642,14,392.5,163.5,ped
4643,14,392.5,163.5,ped
4644,14,392.5,163.5,ped
4645,14,392.5,163.5,ped
4646,14,392.5,164.0,ped
4647,14,392.5,164.5,ped
4648,14,392.5,164.0,ped
4649,14,392.5,164.0,ped
4650,14,392.5,164.0,ped
4651,14,392.5,164.0,ped
4652,14,392.5,164.0,ped
4653,14,392.5,164.0,ped
4654,14,392.5,164.0,ped
4655,14,392.5,164.0,ped
4656,14,392.5,164.0,ped
4657,14,392.5,164.0,ped
4658,14,392.5,164.0,ped
4659,14,392.5,164.0,ped
4660,14,392.5,164.0,ped
4661,14,392.5,164.0,ped
4662,14,392.5,164.0,ped
4663,14,392.5,164.0,ped
4664,14,392.5,164.0,ped
4665,14,392.5,164.0,ped
4666,14,392.5,164.0,ped
4667,14,392.5,164.0,ped
4668,14,392.5,164.0,ped
4669,14,392.5,164.0,ped
4670,14,392.5,164.0,ped
4671,14,392.5,164.0,ped
4672,14,392.5,164.0,ped
4673,14,392.5,164.0,ped
4674,14,392.5,164.0,ped
4675,14,392.5,164.0,ped
4676,14,392.5,164.0,ped
4677,14,392.5,164.0,ped
4678,14,393.0,164.0,ped
4679,14,393.0,164.0,ped
4680,14,393.0,164.0,ped
4681,14,392.5,164.0,ped
4682,14,392.5,164.0,ped
4683,14,393.0,164.0,ped
4684,14,393.0,164.0,ped
4685,14,393.0,164.0,ped
4686,14,393.0,164.0,ped
4687,14,393.0,164.0,ped
4688,14,393.0,164.0,ped
4689,14,393.0,164.0,ped
4690,14,393.0,164.0,ped
4691,14,393.0,164.0,ped
4692,14,393.0,164.0,ped
4693,14,393.0,164.0,ped
4694,14,393.0,164.0,ped
4695,14,393.0,164.0,ped
4696,14,393.0,164.0,ped
4697,14,393.0,164.0,ped
4698,14,393.0,164.0,ped
4699,14,393.0,164.0,ped
4700,14,393.0,164.0,ped
4701,14,393.0,164.0,ped
4702,14,393.0,164.0,ped
4703,14,393.0,164.0,ped
4704,14,393.0,164.0,ped
4705,14,393.0,164.0,ped
4706,14,393.0,164.0,ped
4707,14,393.0,164.0,ped
4708,14,393.0,164.0,ped
4709,14,393.0,164.0,ped
4710,14,393.0,164.0,ped
4711,14,393.0,164.0,ped
4712,14,393.0,164.0,ped
4713,14,393.0,164.0,ped
4714,14,393.0,164.0,ped
4715,14,393.0,164.0,ped
4716,14,393.5,164.0,ped
4717,14,392.5,164.0,ped
4718,14,392.5,164.0,ped
4719,14,392.5,164.0,ped
4720,14,392.5,164.0,ped
4721,14,392.5,164.0,ped
4722,14,392.5,164.0,ped
4723,14,392.5,164.0,ped
4724,14,392.5,164.0,ped
4725,14,392.5,164.0,ped
4726,14,392.5,164.0,ped
4727,14,392.5,164.0,ped
4728,14,392.5,164.0,ped
4729,14,392.5,164.0,ped
4730,14,392.5,164.0,ped
4731,14,393.0,164.0,ped
4732,14,394.0,164.0,ped
4733,14,394.0,164.0,ped
4734,14,394.0,164.0,ped
4735,14,394.0,164.0,ped
4736,14,394.0,164.0,ped
4737,14,394.0,164.0,ped
4738,14,394.0,164.0,ped
4739,14,394.0,164.0,ped
4740,14,394.0,164.0,ped
4741,14,394.0,164.0,ped
4742,14,394.0,164.0,ped
4743,14,394.0,164.0,ped
4744,14,394.0,164.0,ped
4745,14,394.0,164.0,ped
4746,14,393.5,164.0,ped
4747,14,392.5,164.0,ped
4748,14,392.5,164.0,ped
4749,14,392.5,164.0,ped
4750,14,392.5,164.0,ped
4751,14,392.5,164.0,ped
4752,14,392.5,164.0,ped
4753,14,392.5,164.0,ped
4754,14,392.5,164.0,ped
4755,14,392.5,164.0,ped
4756,14,393.0,164.0,ped
4757,14,392.0,164.0,ped
4758,14,392.0,164.0,ped
4759,14,392.0,164.0,ped
4760,14,392.0,164.0,ped
4761,14,392.0,164.0,ped
4762,14,392.0,164.0,ped
4763,14,392.0,164.0,ped
4764,14,392.0,164.0,ped
4765,14,392.0,164.0,ped
4766,14,392.0,164.0,ped
4767,14,392.0,164.0,ped
4768,14,392.0,164.0,ped
4769,14,392.0,164.0,ped
4770,14,392.0,164.0,ped
4771,14,392.0,164.0,ped
4772,14,392.0,164.0,ped
4773,14,392.0,164.0,ped
4774,14,392.0,164.0,ped
4775,14,392.0,164.0,ped
4776,14,392.0,164.0,ped
4777,14,392.0,164.0,ped
4778,14,392.0,164.0,ped
4779,14,392.0,164.0,ped
4780,14,392.0,164.0,ped
4781,14,392.0,164.0,ped
4782,14,392.0,164.0,ped
4783,14,392.0,164.0,ped
4784,14,392.0,164.0,ped
4785,14,392.0,164.0,ped
4786,14,392.0,164.0,ped
4787,14,392.0,164.0,ped
4788,14,392.0,164.0,ped
4789,14,392.0,164.0,ped
4790,14,392.0,164.0,ped
4791,14,392.0,164.0,ped
4792,14,392.0,164.0,ped
4793,14,392.5,164.0,ped
4794,14,391.5,164.0,ped
4795,14,391.5,164.0,ped
4796,14,391.5,164.0,ped
4797,14,391.5,164.0,ped
4798,14,391.5,164.0,ped
4799,14,391.5,164.0,ped
4800,14,391.5,164.0,ped
4801,14,392.0,164.0,ped
4802,14,393.0,164.0,ped
4803,14,392.5,164.0,ped
4804,14,391.5,164.0,ped
4805,14,391.5,164.0,ped
4806,14,391.5,164.0,ped
4807,14,391.5,164.0,ped
4808,14,391.5,164.0,ped
4809,14,391.5,164.0,ped
4810,14,391.5,164.0,ped
4811,14,391.5,164.0,ped
4812,14,391.5,164.0,ped
4813,14,391.5,164.0,ped
4814,14,391.5,164.0,ped
4815,14,391.5,164.0,ped
4816,14,391.5,164.0,ped
4817,14,391.5,164.0,ped
4818,14,391.5,164.0,ped
4819,14,392.0,164.0,ped
4820,14,391.0,164.0,ped
4821,14,391.5,164.0,ped
4822,14,392.5,164.0,ped
4823,14,392.5,164.0,ped
4824,14,392.5,164.0,ped
4825,14,392.5,164.0,ped
4826,14,392.5,164.0,ped
4827,14,392.5,164.0,ped
4828,14,392.5,164.0,ped
4829,14,392.5,164.0,ped
4830,14,392.5,164.0,ped
4831,14,392.0,164.0,ped
4832,14,391.0,164.0,ped
4833,14,391.5,164.0,ped
4834,14,392.5,164.0,ped
4835,14,392.5,164.0,ped
4836,14,392.5,164.0,ped
4837,14,392.5,164.0,ped
4838,14,392.5,164.0,ped
4839,14,392.5,164.0,ped
4840,14,392.5,164.0,ped
4841,14,392.5,164.0,ped
4842,14,392.5,164.0,ped
4843,14,392.5,164.0,ped
4844,14,392.5,164.0,ped
4845,14,392.5,164.0,ped
4846,14,392.5,164.0,ped
4847,14,392.5,164.0,ped
4848,14,392.5,164.0,ped
4849,14,392.5,164.0,ped
4850,14,392.5,164.0,ped
4851,14,392.5,164.0,ped
4852,14,392.5,164.0,ped
4853,14,392.5,164.0,ped
4854,14,392.5,164.0,ped
4855,14,392.5,164.0,ped
4856,14,392.5,164.0,ped
4857,14,392.5,164.0,ped
4858,14,392.5,164.0,ped
4859,14,392.5,164.0,ped
4860,14,392.5,164.0,ped
4861,14,392.5,164.5,ped
4862,14,392.5,164.5,ped
4863,14,392.5,164.5,ped
4864,14,392.5,164.5,ped
4865,14,392.0,164.5,ped
4866,14,391.0,164.5,ped
4867,14,391.5,164.5,ped
4868,14,392.5,164.5,ped
4869,14,392.5,164.5,ped
4870,14,392.0,164.5,ped
4871,14,391.0,164.5,ped
4872,14,391.0,164.5,ped
4873,14,391.0,164.5,ped
4874,14,391.0,164.5,ped
4875,14,391.0,164.5,ped
4876,14,391.0,164.5,ped
4877,14,391.0,164.5,ped
4878,14,391.0,164.5,ped
4879,14,391.0,164.5,ped
4880,14,391.0,164.5,ped
4881,14,391.0,164.5,ped
4882,14,391.0,164.5,ped
4883,14,391.0,164.5,ped
4884,14,391.0,164.5,ped
4885,14,391.0,164.5,ped
4886,14,391.0,164.5,ped
4887,14,391.0,164.5,ped
4888,14,391.0,164.5,ped
4889,14,391.0,164.5,ped
4890,14,391.0,164.5,ped
4891,14,391.0,164.5,ped
4892,14,391.5,164.5,ped
4893,14,391.5,164.5,ped
4894,14,391.5,164.5,ped
4895,14,391.5,164.5,ped
4896,14,391.5,164.5,ped
4897,14,391.5,164.5,ped
4898,14,391.5,164.5,ped
4899,14,391.5,164.5,ped
4900,14,391.5,164.5,ped
4901,14,391.5,164.5,ped
4902,14,391.5,164.5,ped
4903,14,391.5,164.5,ped
4904,14,391.5,164.5,ped
4905,14,391.5,164.5,ped
4906,14,391.5,164.5,ped
4907,14,391.5,164.5,ped
4908,14,391.5,164.5,ped
4909,14,391.5,164.5,ped
4910,14,391.5,164.5,ped
4911,14,391.5,164.5,ped
4912,14,391.5,164.5,ped
4913,14,391.5,164.5,ped
4914,14,390.5,164.5,ped
4915,14,391.0,164.5,ped
4916,14,392.0,164.5,ped
4917,14,392.0,164.5,ped
4918,14,392.0,164.5,ped
4919,14,392.0,164.5,ped
4920,14,392.0,164.5,ped
4921,14,392.0,164.5,ped
4922,14,392.0,164.5,ped
4923,14,392.0,164.5,ped
4924,14,392.0,164.5,ped
4925,14,392.0,164.5,ped
4926,14,392.0,164.5,ped
4927,14,392.0,164.5,ped
4928,14,392.0,164.5,ped
4929,14,392.0,164.5,ped
4930,14,392.0,164.5,ped
4931,14,391.5,164.5,ped
4932,14,391.5,164.5,ped
4933,14,391.5,164.5,ped
4934,14,391.5,164.5,ped
4935,14,391.5,164.5,ped
4936,14,391.5,164.5,ped
4937,14,391.5,164.5,ped
4938,14,391.5,164.5,ped
4939,14,391.5,164.5,ped
4940,14,392.0,164.5,ped
4941,14,391.5,164.5,ped
4942,14,391.5,164.5,ped
4943,14,391.5,164.5,ped
4944,14,391.5,164.5,ped
4945,14,391.5,164.5,ped
4946,14,391.5,164.5,ped
4947,14,391.5,164.5,ped
4948,14,391.5,164.5,ped
4949,14,391.5,164.5,ped
4950,14,391.5,164.5,ped
4951,14,391.5,164.5,ped
4952,14,391.5,164.5,ped
4953,14,391.5,164.5,ped
4954,14,391.5,164.5,ped
4955,14,391.5,164.5,ped
4956,14,391.5,164.5,ped
4957,14,391.5,164.5,ped
4958,14,391.5,164.5,ped
4959,14,392.5,164.5,ped
4960,14,392.5,164.5,ped
4961,14,392.5,164.5,ped
4962,14,392.5,164.5,ped
4963,14,392.5,164.5,ped
4964,14,392.5,164.5,ped
4965,14,392.5,164.5,ped
4966,14,392.5,164.5,ped
4967,14,392.5,164.5,ped
4968,14,392.5,164.5,ped
4969,14,392.5,164.5,ped
4970,14,392.5,164.5,ped
4971,14,392.5,164.5,ped
4972,14,392.5,164.5,ped
4973,14,392.5,164.5,ped
4974,14,392.5,164.5,ped
4975,14,392.5,164.5,ped
4976,14,392.0,164.5,ped
4977,14,392.5,164.5,ped
4978,14,392.0,164.5,ped
4979,14,392.0,164.5,ped
4980,14,393.0,164.5,ped
4981,14,393.0,164.5,ped
4982,14,392.5,164.5,ped
4983,14,391.5,164.5,ped
4984,14,391.5,164.5,ped
4985,14,391.5,164.5,ped
4986,14,391.5,164.5,ped
4987,14,391.5,164.5,ped
4988,14,391.5,164.5,ped
4989,14,391.5,164.5,ped
4990,14,391.5,164.5,ped
4991,14,391.5,164.5,ped
4992,14,391.5,164.5,ped
4993,14,391.5,164.5,ped
4994,14,391.5,164.5,ped
4995,14,391.5,164.5,ped
4996,14,391.5,164.5,ped
4997,14,391.5,164.5,ped
4998,14,391.5,164.5,ped
4999,14,391.5,164.5,ped
5000,14,391.5,164.5,ped
5001,14,392.0,163.5,ped
5002,14,392.0,163.0,ped
5003,14,392.0,163.5,ped
5004,14,392.0,163.5,ped
5005,14,392.0,163.5,ped
5006,14,392.0,163.5,ped
5007,14,392.0,163.5,ped
5008,14,392.5,163.5,ped
5009,14,392.5,163.5,ped
5010,14,392.5,163.5,ped
5011,14,392.5,163.5,ped
5012,14,392.5,163.5,ped
5013,14,392.5,163.5,ped
5014,14,392.5,163.5,ped
5015,14,392.5,163.5,ped
5016,14,392.0,163.5,ped
5017,14,392.5,163.5,ped
5018,14,392.5,163.5,ped
5019,14,392.0,163.5,ped
5020,14,392.5,163.5,ped
5021,14,392.5,163.5,ped
5022,14,392.5,163.5,ped
5023,14,392.5,163.5,ped
5024,14,393.0,163.5,ped
5025,14,393.0,163.5,ped
5026,14,392.5,163.5,ped
5027,14,392.5,163.5,ped
5028,14,392.5,163.5,ped
5029,14,392.5,163.5,ped
5030,14,392.5,163.5,ped
5031,14,392.5,163.5,ped
5032,14,392.5,163.5,ped
5033,14,392.5,163.5,ped
5034,14,392.5,163.5,ped
5035,14,392.5,163.5,ped
5036,14,392.5,163.5,ped
5037,14,392.5,163.5,ped
5038,14,393.0,163.5,ped
5039,14,393.0,163.5,ped
5040,14,393.0,163.5,ped
5041,14,392.5,163.5,ped
5042,14,392.5,163.5,ped
5043,14,392.5,164.0,ped
5044,14,392.5,164.5,ped
5045,14,392.5,164.0,ped
5046,14,392.5,164.0,ped
5047,14,392.5,164.0,ped
5048,14,392.5,164.0,ped
5049,14,392.5,164.0,ped
5050,14,392.5,164.0,ped
5051,14,392.5,164.0,ped
5052,14,392.5,163.5,ped
5053,14,392.5,163.5,ped
5054,14,392.5,163.5,ped
5055,14,392.5,163.5,ped
5056,14,392.5,163.5,ped
5057,14,392.5,164.0,ped
5058,14,392.5,164.0,ped
5059,14,392.5,164.0,ped
5060,14,392.5,164.0,ped
5061,14,392.5,164.0,ped
5062,14,392.5,164.0,ped
5063,14,392.5,164.0,ped
5064,14,392.5,164.0,ped
5065,14,392.5,164.0,ped
5066,14,392.5,164.0,ped
5067,14,392.5,163.5,ped
5068,14,392.5,163.5,ped
5069,14,393.0,163.5,ped
5070,14,393.0,164.0,ped
5071,14,393.0,164.0,ped
5072,14,393.0,163.5,ped
5073,14,393.0,163.5,ped
5074,14,393.0,163.5,ped
5075,14,393.0,163.5,ped
5076,14,393.0,163.5,ped
5077,14,393.0,163.5,ped
5078,14,393.0,163.5,ped
5079,14,393.0,164.0,ped
5080,14,393.0,163.5,ped
5081,14,393.0,164.0,ped
5082,14,393.0,163.5,ped
5083,14,393.0,163.5,ped
5084,14,393.0,163.5,ped
5085,14,393.0,163.5,ped
5086,14,393.0,163.5,ped
5087,14,393.0,163.5,ped
5088,14,393.0,163.5,ped
5089,14,393.0,163.5,ped
5090,14,393.0,163.5,ped
5091,14,393.0,163.5,ped
5092,14,393.0,163.5,ped
5093,14,393.0,163.5,ped
5094,14,393.0,163.5,ped
5095,14,393.0,163.5,ped
5096,14,392.5,163.5,ped
5097,14,393.0,163.5,ped
5098,14,393.0,163.5,ped
5099,14,393.0,163.5,ped
5100,14,393.0,163.5,ped
5101,14,393.0,163.5,ped
5102,14,393.0,163.5,ped
5103,14,393.0,163.5,ped
5104,14,393.0,163.5,ped
5105,14,393.0,163.5,ped
5106,14,393.0,163.5,ped
5107,14,393.0,163.5,ped
5108,14,393.0,163.5,ped
5109,14,393.0,163.5,ped
5110,14,393.0,163.5,ped
5111,14,393.5,163.5,ped
5112,14,393.5,163.5,ped
5113,14,393.5,163.5,ped
5114,14,393.5,163.5,ped
5115,14,393.0,163.5,ped
5116,14,393.0,163.5,ped
5117,14,393.0,163.5,ped
5118,14,393.0,163.5,ped
5119,14,393.0,163.5,ped
5120,14,393.0,163.5,ped
5121,14,393.0,163.5,ped
5122,14,393.0,163.5,ped
5123,14,393.0,163.5,ped
5124,14,393.0,163.5,ped
5125,14,393.0,163.5,ped
5126,14,393.0,163.5,ped
5127,14,393.0,163.5,ped
5128,14,392.5,164.0,ped
5129,14,392.0,164.5,ped
5130,14,393.0,164.0,ped
5131,14,393.0,164.0,ped
5132,14,393.0,164.0,ped
5133,14,393.0,164.0,ped
5134,14,393.0,164.0,ped
5135,14,393.0,164.0,ped
5136,14,393.0,164.0,ped
5137,14,392.5,164.0,ped
5138,14,393.0,164.0,ped
5139,14,393.0,164.0,ped
5140,14,393.0,164.0,ped
5141,14,393.0,164.0,ped
5142,14,393.0,164.0,ped
5143,14,393.0,164.0,ped
5144,14,393.0,164.0,ped
5145,14,393.0,164.0,ped
5146,14,393.0,164.0,ped
5147,14,393.0,164.0,ped
5148,14,393.0,164.0,ped
5149,14,393.0,164.0,ped
5150,14,393.0,164.0,ped
5151,14,393.0,164.0,ped
5152,14,393.0,164.0,ped
5153,14,393.0,164.0,ped
5154,14,392.5,164.0,ped
5155,14,392.5,164.0,ped
5156,14,392.5,164.0,ped
5157,14,392.5,164.0,ped
5158,14,392.5,164.0,ped
5159,14,392.5,164.0,ped
5160,14,392.5,164.0,ped
5161,14,392.5,164.0,ped
5162,14,392.5,164.0,ped
5163,14,392.5,164.0,ped
5164,14,392.5,164.0,ped
5165,14,392.5,164.0,ped
5166,14,392.5,164.0,ped
5167,14,392.5,164.0,ped
5168,14,392.5,164.0,ped
5169,14,392.5,164.0,ped
5170,14,392.5,164.0,ped
5171,14,392.5,164.0,ped
5172,14,392.5,163.5,ped
5173,14,392.5,163.5,ped
5174,14,392.5,163.5,ped
5175,14,392.5,164.0,ped
5176,14,392.5,163.5,ped
5177,14,392.5,163.5,ped
5178,14,392.5,163.5,ped
5179,14,393.0,163.5,ped
5180,14,392.5,163.5,ped
5181,14,392.5,163.5,ped
5182,14,392.5,163.5,ped
5183,14,392.5,163.5,ped
5184,14,392.5,163.5,ped
5185,14,392.5,163.5,ped
5186,14,392.5,163.5,ped
5187,14,392.5,164.0,ped
5188,14,392.5,164.0,ped
5189,14,392.5,164.0,ped
5190,14,392.5,163.5,ped
5191,14,392.5,163.5,ped
5192,14,392.5,163.5,ped
5193,14,392.5,163.5,ped
5194,14,392.5,163.5,ped
5195,14,392.5,163.5,ped
5196,14,392.5,163.5,ped
5197,14,392.5,163.5,ped
5198,14,392.5,163.5,ped
5199,14,392.5,163.5,ped
5200,14,392.5,163.5,ped
5201,14,392.5,163.5,ped
5202,14,392.5,163.5,ped
5203,14,392.5,163.5,ped
5204,14,392.5,163.5,ped
5205,14,392.5,163.5,ped
5206,14,392.5,163.5,ped
5207,14,392.5,163.5,ped
5208,14,392.5,163.5,ped
5209,14,392.5,163.5,ped
5210,14,392.5,163.5,ped
5211,14,392.5,163.5,ped
5212,14,392.5,163.5,ped
5213,14,392.5,163.5,ped
5214,14,392.5,163.5,ped
5215,14,392.5,163.5,ped
5216,14,392.5,163.5,ped
5217,14,393.0,164.0,ped
5218,14,393.0,164.0,ped
5219,14,393.0,164.0,ped
5220,14,392.5,164.0,ped
5221,14,392.5,164.0,ped
5222,14,392.5,164.0,ped
5223,14,392.5,164.0,ped
5224,14,392.5,163.5,ped
5225,14,392.5,163.5,ped
5226,14,392.5,163.5,ped
5227,14,392.5,163.5,ped
5228,14,392.5,163.5,ped
5229,14,392.5,163.5,ped
5230,14,392.5,163.5,ped
5231,14,392.5,163.5,ped
5232,14,392.5,163.5,ped
5233,14,392.5,163.5,ped
5234,14,392.5,163.5,ped
5235,14,392.5,163.5,ped
5236,14,392.5,163.5,ped
5237,14,393.0,163.5,ped
5238,14,393.0,163.5,ped
5239,14,393.0,163.5,ped
5240,14,393.0,163.5,ped
5241,14,392.5,163.5,ped
5242,14,392.5,163.5,ped
5243,14,392.5,163.5,ped
5244,14,392.5,163.5,ped
5245,14,392.5,163.5,ped
5246,14,392.5,163.5,ped
5247,14,392.5,163.5,ped
5248,14,392.5,163.5,ped
5249,14,392.5,163.5,ped
5250,14,392.5,163.5,ped
5251,14,392.5,164.0,ped
5252,14,392.5,164.0,ped
5253,14,392.0,164.0,ped
5254,14,392.0,164.0,ped
5255,14,392.5,164.0,ped
5256,14,392.5,164.0,ped
5257,14,392.5,164.0,ped
5258,14,392.0,164.0,ped
5259,14,392.0,164.0,ped
5260,14,392.0,164.0,ped
5261,14,392.0,164.0,ped
5262,14,392.0,164.0,ped
5263,14,392.0,164.0,ped
5264,14,392.5,164.0,ped
5265,14,392.0,164.0,ped
5266,14,392.0,164.0,ped
5267,14,392.0,164.0,ped
5268,14,392.0,164.0,ped
5269,14,392.0,164.0,ped
5270,14,391.5,164.0,ped
5271,14,391.5,164.0,ped
5272,14,391.5,164.0,ped
5273,14,392.0,164.0,ped
5274,14,392.0,164.0,ped
5275,14,392.0,164.0,ped
5276,14,392.0,164.0,ped
5277,14,392.0,164.0,ped
5278,14,392.0,164.0,ped
5279,14,392.0,164.0,ped
5280,14,392.0,164.0,ped
5281,14,392.0,164.0,ped
5282,14,392.5,164.0,ped
5283,14,392.5,164.0,ped
5284,14,392.5,164.0,ped
5285,14,392.5,164.0,ped
5286,14,392.5,164.0,ped
5287,14,392.5,164.0,ped
5288,14,392.5,164.0,ped
5289,14,392.5,164.0,ped
5290,14,392.5,164.0,ped
5291,14,392.5,164.0,ped
5292,14,392.5,164.0,ped
5293,14,392.0,164.0,ped
5294,14,392.5,164.0,ped
5295,14,392.0,164.0,ped
5296,14,392.5,164.0,ped
5297,14,392.5,164.0,ped
5298,14,393.5,164.0,ped
5299,14,393.5,164.0,ped
5300,14,393.5,164.0,ped
5301,14,393.5,164.0,ped
5302,14,393.5,164.0,ped
5303,14,393.5,164.0,ped
5304,14,393.5,164.0,ped
5305,14,393.0,163.5,ped
5306,14,393.0,163.0,ped
5307,14,393.0,164.0,ped
5308,14,393.0,164.0,ped
5309,14,393.0,164.0,ped
5310,14,393.0,164.0,ped
5311,14,393.0,164.0,ped
5312,14,392.5,164.0,ped
5313,14,393.0,164.0,ped
5314,14,392.5,164.0,ped
5315,14,392.5,164.0,ped
5316,14,392.5,164.0,ped
5317,14,392.5,164.0,ped
5318,14,392.5,164.0,ped
5319,14,392.5,164.0,ped
5320,14,392.5,164.0,ped
5321,14,392.0,164.0,ped
5322,14,392.0,164.0,ped
5323,14,392.0,164.0,ped
5324,14,392.0,164.0,ped
5325,14,392.0,164.0,ped
5326,14,392.0,164.0,ped
5327,14,392.0,164.0,ped
5328,14,392.0,164.0,ped
5329,14,392.0,164.0,ped
5330,14,392.5,164.0,ped
5331,14,392.5,164.0,ped
5332,14,392.5,164.0,ped
5333,14,392.5,164.0,ped
5334,14,392.5,164.0,ped
5335,14,393.0,164.0,ped
5336,14,392.5,164.0,ped
5337,14,393.5,164.0,ped
5338,14,393.0,164.0,ped
5339,14,392.5,164.0,ped
5340,14,392.5,164.0,ped
5341,14,393.0,164.0,ped
5342,14,392.5,163.5,ped
5343,14,392.5,163.5,ped
5344,14,392.5,163.5,ped
5345,14,392.0,164.0,ped
5346,14,392.5,164.0,ped
5347,14,392.5,164.0,ped
5348,14,392.5,164.0,ped
5349,14,391.5,163.5,ped
5350,14,391.5,163.5,ped
5351,14,391.5,164.0,ped
5352,14,391.5,164.0,ped
5353,14,391.5,164.0,ped
5354,14,391.5,164.0,ped
5355,14,391.5,164.0,ped
5356,14,392.0,164.0,ped
5357,14,392.0,164.0,ped
5358,14,392.0,164.0,ped
5359,14,392.0,164.0,ped
5360,14,391.5,164.0,ped
5361,14,391.5,164.0,ped
5362,14,391.5,164.0,ped
5363,14,391.5,164.0,ped
5364,14,391.0,164.0,ped
5365,14,391.0,164.0,ped
5366,14,391.0,164.0,ped
5367,14,391.0,164.0,ped
5368,14,391.5,164.0,ped
5369,14,391.0,164.0,ped
5370,14,391.0,164.0,ped
5371,14,391.5,164.0,ped
5372,14,392.0,164.0,ped
5373,14,392.0,164.0,ped
5374,14,391.5,164.0,ped
5375,14,391.5,164.0,ped
5376,14,392.0,164.0,ped
5377,14,392.0,164.0,ped
5378,14,392.5,164.0,ped
5379,14,392.5,164.0,ped
5380,14,392.0,164.0,ped
5381,14,392.0,164.0,ped
5382,14,393.0,164.0,ped
5383,14,392.5,164.0,ped
5384,14,392.0,164.0,ped
5385,14,392.0,163.5,ped
5386,14,392.0,163.0,ped
5387,14,392.0,164.0,ped
5388,14,392.0,163.5,ped
5389,14,391.5,164.0,ped
5390,14,391.5,164.0,ped
5391,14,391.5,164.0,ped
5392,14,391.5,164.0,ped
5393,14,391.5,163.5,ped
5394,14,391.5,163.5,ped
5395,14,391.5,163.5,ped
5396,14,391.0,163.5,ped
5397,14,391.5,163.5,ped
5398,14,391.5,163.5,ped
5399,14,392.0,163.5,ped
5400,14,392.0,163.5,ped
5401,14,392.0,163.5,ped
5402,14,392.0,163.5,ped
5403,14,392.0,163.5,ped
5404,14,392.0,163.5,ped
5405,14,392.0,163.5,ped
5406,14,392.0,163.5,ped
5407,14,392.0,163.5,ped
5408,14,392.0,163.5,ped
5409,14,392.0,163.5,ped
5410,14,392.0,163.5,ped
5411,14,392.5,163.5,ped
5412,14,392.5,163.5,ped
5413,14,393.0,163.5,ped
5414,14,393.0,163.5,ped
5415,14,393.0,163.5,ped
5416,14,393.0,163.5,ped
5417,14,393.0,163.5,ped
5418,14,393.0,163.5,ped
5419,14,393.0,163.5,ped
5420,14,393.0,163.5,ped
5421,14,393.0,163.0,ped
5422,14,393.0,163.0,ped
5423,14,393.0,163.0,ped
5424,14,393.0,163.5,ped
5425,14,393.0,164.0,ped
5426,14,393.0,163.5,ped
5427,14,393.0,163.5,ped
5428,14,393.0,163.5,ped
5429,14,393.0,163.5,ped
5430,14,393.0,163.5,ped
5431,14,393.0,163.5,ped
5432,14,393.0,163.5,ped
5433,14,393.0,163.5,ped
5434,14,393.0,163.0,ped
5435,14,393.0,163.0,ped
5436,14,393.5,163.0,ped
5437,14,393.5,163.0,ped
5438,14,393.0,163.0,ped
5439,14,393.0,163.0,ped
5440,14,393.0,163.0,ped
5441,14,393.0,163.0,ped
5442,14,393.0,163.0,ped
5443,14,393.0,163.0,ped
5444,14,393.0,163.0,ped
5445,14,393.0,163.0,ped
5446,14,393.0,163.0,ped
5447,14,393.0,163.0,ped
5448,14,392.5,163.0,ped
5449,14,392.5,163.0,ped
5450,14,392.5,163.0,ped
5451,14,392.5,163.0,ped
5452,14,392.5,163.5,ped
5453,14,392.5,163.5,ped
5454,14,392.5,163.5,ped
5455,14,392.5,163.5,ped
5456,14,392.5,163.5,ped
5457,14,392.5,163.5,ped
5458,14,392.5,163.5,ped
5459,14,393.0,163.5,ped
5460,14,393.0,163.0,ped
5461,14,393.0,163.0,ped
5462,14,393.0,163.0,ped
5463,14,393.0,163.0,ped
5464,14,393.0,163.0,ped
5465,14,393.0,163.5,ped
5466,14,393.0,163.5,ped
5467,14,393.0,163.5,ped
5468,14,393.0,163.5,ped
5469,14,393.0,163.5,ped
5470,14,393.0,163.5,ped
5471,14,393.0,163.5,ped
5472,14,393.0,163.5,ped
5473,14,393.0,163.0,ped
5474,14,393.0,163.5,ped
5475,14,393.0,163.0,ped
5476,14,393.0,163.5,ped
5477,14,393.0,163.5,ped
5478,14,393.0,163.0,ped
5479,14,392.5,163.0,ped
5480,14,392.5,163.0,ped
5481,14,393.0,163.0,ped
5482,14,393.0,163.0,ped
5483,14,393.0,163.0,ped
5484,14,392.5,163.5,ped
5485,14,392.5,163.5,ped
5486,14,392.0,163.5,ped
5487,14,392.0,163.5,ped
5488,14,392.5,163.5,ped
5489,14,392.5,163.5,ped
5490,14,392.5,163.5,ped
5491,14,392.5,163.5,ped
5492,14,392.5,163.5,ped
5493,14,392.0,163.5,ped
5494,14,392.0,163.5,ped
5495,14,392.0,163.5,ped
5496,14,392.0,163.5,ped
5497,14,392.0,163.5,ped
5498,14,392.0,163.5,ped
5499,14,392.0,163.5,ped
5500,14,392.0,163.5,ped
5501,14,392.0,163.5,ped
5502,14,392.5,163.5,ped
5503,14,392.5,163.5,ped
5504,14,392.5,163.5,ped
5505,14,392.5,163.5,ped
5506,14,392.5,163.5,ped
5507,14,392.0,163.5,ped
5508,14,392.0,163.5,ped
5509,14,392.0,163.5,ped
5510,14,392.0,163.5,ped
5511,14,392.0,163.5,ped
5512,14,392.0,163.5,ped
5513,14,392.0,163.5,ped
5514,14,391.5,163.5,ped
5515,14,392.0,163.5,ped
5516,14,392.0,163.5,ped
5517,14,392.5,163.5,ped
5518,14,392.5,163.5,ped
5519,14,392.5,163.5,ped
5520,14,392.0,163.5,ped
5521,14,392.5,163.5,ped
5522,14,392.0,163.5,ped
5523,14,392.0,163.5,ped
5524,14,392.5,163.5,ped
5525,14,392.0,163.5,ped
5526,14,393.0,163.5,ped
5527,14,393.0,163.5,ped
5528,14,393.0,163.5,ped
5529,14,393.0,163.5,ped
5530,14,393.0,163.5,ped
5531,14,393.0,163.5,ped
5532,14,392.5,163.5,ped
5533,14,391.5,163.5,ped
5534,14,391.5,163.5,ped
5535,14,391.5,163.5,ped
5536,14,391.5,163.5,ped
5537,14,391.5,163.5,ped
5538,14,391.5,163.5,ped
5539,14,391.5,163.5,ped
5540,14,391.5,163.5,ped
5541,14,391.5,163.5,ped
5542,14,391.5,163.5,ped
5543,14,392.0,163.5,ped
5544,14,392.0,163.5,ped
5545,14,392.0,163.5,ped
5546,14,391.5,163.5,ped
5547,14,392.0,163.5,ped
5548,14,392.0,163.5,ped
5549,14,392.0,163.5,ped
5550,14,392.5,163.5,ped
5551,14,392.0,163.5,ped
5552,14,392.0,163.5,ped
5553,14,392.5,163.5,ped
5554,14,391.5,163.5,ped
5555,14,392.5,163.0,ped
5556,14,392.5,163.0,ped
5557,14,392.5,163.5,ped
5558,14,392.5,163.5,ped
5559,14,393.0,163.0,ped
5560,14,393.0,163.0,ped
5561,14,393.0,163.0,ped
5562,14,393.0,163.0,ped
5563,14,393.0,163.0,ped
5564,14,392.5,163.0,ped
5565,14,392.5,163.0,ped
5566,14,392.5,163.0,ped
5567,14,392.5,163.0,ped
5568,14,392.0,163.0,ped
5569,14,392.5,163.5,ped
5570,14,392.5,163.0,ped
5571,14,392.5,163.5,ped
5572,14,392.5,163.0,ped
5573,14,392.5,163.0,ped
5574,14,392.0,163.0,ped
5575,14,392.0,163.5,ped
5576,14,392.0,164.0,ped
5577,14,392.0,163.5,ped
5578,14,392.0,163.5,ped
5579,14,392.0,163.5,ped
5580,14,392.0,163.5,ped
5581,14,392.0,163.5,ped
5582,14,392.0,163.5,ped
5583,14,392.0,163.5,ped
5584,14,392.0,163.5,ped
5585,14,392.0,163.5,ped
5586,14,391.5,163.5,ped
5587,14,391.5,163.5,ped
5588,14,391.5,163.5,ped
5589,14,391.5,163.5,ped
5590,14,391.5,163.5,ped
5591,14,391.5,163.5,ped
5592,14,392.0,163.5,ped
5593,14,391.5,163.5,ped
5594,14,391.5,163.5,ped
5595,14,391.5,163.5,ped
5596,14,391.5,163.5,ped
5597,14,391.5,163.0,ped
5598,14,391.5,163.5,ped
5599,14,391.5,163.0,ped
5600,14,391.5,163.0,ped
5601,14,391.5,163.0,ped
5602,14,391.0,163.0,ped
5603,14,391.0,163.0,ped
5604,14,391.0,163.0,ped
5605,14,391.5,163.0,ped
5606,14,391.0,163.0,ped
5607,14,391.0,163.0,ped
5608,14,391.0,163.0,ped
5609,14,391.0,163.0,ped
5610,14,391.0,163.0,ped
5611,14,391.0,163.0,ped
5612,14,391.0,163.0,ped
5613,14,389.5,163.0,ped
5614,14,389.5,163.0,ped
5615,14,390.0,163.0,ped
5616,14,389.0,163.0,ped
5617,14,388.5,163.0,ped
5618,14,387.5,163.0,ped
5619,14,387.5,163.0,ped
5620,14,387.5,163.0,ped
5621,14,387.0,163.0,ped
5622,14,387.0,163.0,ped
5623,14,387.0,163.0,ped
5624,14,387.5,163.0,ped
5625,14,387.5,163.0,ped
5626,14,387.5,163.0,ped
5627,14,387.5,163.0,ped
5628,14,387.5,163.0,ped
5629,14,387.5,163.0,ped
5630,14,387.5,163.0,ped
5631,14,388.0,163.0,ped
5632,14,388.0,163.0,ped
5633,14,388.5,163.0,ped
5634,14,389.0,163.0,ped
5635,14,389.0,163.0,ped
5636,14,389.0,163.0,ped
5637,14,389.0,163.0,ped
5638,14,389.0,163.0,ped
5639,14,389.0,163.0,ped
5640,14,389.0,163.0,ped
5641,14,389.0,163.0,ped
5642,14,389.0,163.0,ped
5643,14,390.0,163.0,ped
5644,14,390.0,163.0,ped
5645,14,391.0,163.0,ped
5646,14,391.0,163.0,ped
5647,14,391.0,163.0,ped
5648,14,390.5,163.0,ped
5649,14,391.5,163.0,ped
5650,14,391.5,163.0,ped
5651,14,391.5,163.0,ped
5652,14,391.5,163.5,ped
5653,14,391.5,163.5,ped
5654,14,391.0,163.0,ped
5655,14,391.0,163.0,ped
5656,14,391.0,163.0,ped
5657,14,391.0,163.0,ped
5658,14,391.0,163.0,ped
5659,14,391.0,163.5,ped
5660,14,391.0,164.0,ped
5661,14,391.0,163.5,ped
5662,14,391.0,163.0,ped
5663,14,391.0,163.5,ped
5664,14,391.0,163.5,ped
5665,14,390.5,163.5,ped
5666,14,390.5,163.5,ped
5667,14,390.5,163.5,ped
5668,14,390.5,163.5,ped
5669,14,390.5,163.5,ped
5670,14,390.5,163.5,ped
5671,14,390.5,163.5,ped
5672,14,390.5,163.5,ped
5673,14,390.5,163.5,ped
5674,14,390.5,163.5,ped
5675,14,391.5,163.5,ped
5676,14,391.5,163.5,ped
5677,14,392.0,163.5,ped
5678,14,392.0,163.5,ped
5679,14,391.5,163.5,ped
5680,14,391.5,163.5,ped
5681,14,392.0,163.5,ped
5682,14,392.0,163.5,ped
5683,14,392.0,163.5,ped
5684,14,392.0,163.5,ped
5685,14,392.0,163.5,ped
5686,14,392.0,163.5,ped
5687,14,391.5,163.5,ped
5688,14,391.5,163.5,ped
5689,14,392.0,163.5,ped
5690,14,391.5,163.5,ped
5691,14,392.0,163.5,ped
5692,14,392.0,163.5,ped
5693,14,391.5,163.5,ped
5694,14,391.5,163.5,ped
5695,14,391.5,163.5,ped
5696,14,391.5,163.5,ped
5697,14,391.5,163.5,ped
5698,14,392.0,163.5,ped
5699,14,392.0,163.5,ped
5700,14,392.0,163.5,ped
5701,14,392.0,163.5,ped
5702,14,392.5,163.5,ped
5703,14,392.5,163.5,ped
5704,14,392.5,163.5,ped
5705,14,392.5,163.5,ped
5706,14,392.5,163.5,ped
5707,14,392.5,163.5,ped
5708,14,392.5,163.5,ped
5709,14,392.5,163.5,ped
5710,14,392.5,163.5,ped
5711,14,392.5,163.5,ped
5712,14,392.5,163.5,ped
5713,14,392.5,163.5,ped
5714,14,392.5,163.5,ped
5715,14,392.5,163.5,ped
5716,14,392.5,163.5,ped
5717,14,392.0,163.5,ped
5718,14,392.5,163.5,ped
5719,14,392.0,163.5,ped
5720,14,392.0,163.5,ped
5721,14,393.0,163.5,ped
5722,14,393.0,163.5,ped
5723,14,393.0,163.5,ped
5724,14,393.0,163.5,ped
5725,14,392.5,163.5,ped
5726,14,391.5,163.5,ped
5727,14,392.0,163.5,ped
5728,14,393.0,163.5,ped
5729,14,392.5,163.5,ped
5730,14,392.0,163.5,ped
5731,14,391.5,163.5,ped
5732,14,392.0,163.5,ped
5733,14,393.0,163.5,ped
5734,14,392.5,163.5,ped
5735,14,392.0,163.5,ped
5736,14,393.0,163.5,ped
5737,14,393.0,163.5,ped
5738,14,392.5,163.5,ped
5739,14,393.5,163.5,ped
5740,14,393.0,163.5,ped
5741,14,392.5,163.5,ped
5742,14,392.5,163.5,ped
5743,14,392.5,164.0,ped
5744,14,392.5,164.0,ped
5745,14,393.0,163.5,ped
5746,14,393.0,163.5,ped
5747,14,393.0,163.5,ped
5748,14,393.0,163.5,ped
5749,14,393.0,163.5,ped
5750,14,393.0,163.5,ped
5751,14,392.5,163.5,ped
5752,14,392.5,163.5,ped
5753,14,392.5,163.5,ped
5754,14,392.5,163.5,ped
5755,14,392.5,163.0,ped
5756,14,392.5,163.0,ped
5757,14,392.5,163.0,ped
5758,14,392.5,163.0,ped
5759,14,392.0,163.5,ped
5760,14,392.0,163.5,ped
5761,14,392.0,163.5,ped
5762,14,392.0,163.5,ped
5763,14,392.0,163.0,ped
5764,14,392.0,162.5,ped
5765,14,392.5,163.0,ped
5766,14,392.5,163.0,ped
5767,14,392.5,163.0,ped
5768,14,392.0,163.5,ped
5769,14,392.0,163.5,ped
5770,14,392.0,163.5,ped
5771,14,392.0,163.5,ped
5772,14,392.0,163.5,ped
5773,14,392.5,163.5,ped
5774,14,392.5,163.5,ped
5775,14,392.0,163.5,ped
5776,14,392.0,163.5,ped
5777,14,392.0,163.5,ped
5778,14,392.0,163.5,ped
5779,14,392.0,163.5,ped
5780,14,392.5,163.5,ped
5781,14,392.5,163.5,ped
5782,14,392.5,163.5,ped
5783,14,392.0,163.5,ped
5784,14,392.0,163.5,ped
5785,14,392.0,163.5,ped
5786,14,392.0,163.5,ped
5787,14,392.0,163.5,ped
5788,14,392.0,163.5,ped
5789,14,392.0,163.5,ped
5790,14,392.0,163.5,ped
5791,14,392.5,163.5,ped
5792,14,392.0,163.5,ped
5793,14,392.5,163.5,ped
5794,14,392.0,163.5,ped
5795,14,392.0,163.5,ped
5796,14,392.5,163.5,ped
5797,14,392.5,163.5,ped
5798,14,392.0,163.5,ped
5799,14,392.5,163.5,ped
5800,14,392.0,163.5,ped
5801,14,392.5,163.5,ped
5802,14,392.5,163.5,ped
5803,14,392.5,163.5,ped
5804,14,392.5,163.5,ped
5805,14,392.5,163.5,ped
5806,14,392.5,163.5,ped
5807,14,393.0,163.5,ped
5808,14,392.5,163.5,ped
5809,14,393.5,163.5,ped
5810,14,393.5,163.5,ped
5811,14,393.5,163.5,ped
5812,14,393.5,163.5,ped
5813,14,393.0,163.5,ped
5814,14,392.0,163.5,ped
5815,14,392.0,163.5,ped
5816,14,392.0,163.5,ped
5817,14,392.0,163.5,ped
5818,14,392.0,163.5,ped
5819,14,392.5,163.5,ped
5820,14,391.5,163.5,ped
5821,14,392.0,163.5,ped
5822,14,392.5,163.5,ped
5823,14,392.5,163.5,ped
5824,14,392.5,163.5,ped
5825,14,392.5,163.5,ped
5826,14,392.5,163.5,ped
5827,14,392.5,163.5,ped
5828,14,392.5,163.5,ped
5829,14,392.5,163.5,ped
5830,14,392.5,163.5,ped
5831,14,392.5,163.5,ped
5832,14,392.5,163.5,ped
5833,14,392.5,163.5,ped
5834,14,392.5,163.5,ped
5835,14,392.5,163.5,ped
5836,14,392.5,163.5,ped
5837,14,392.5,163.5,ped
5838,14,392.5,163.5,ped
5839,14,392.0,163.5,ped
5840,14,393.0,163.5,ped
5841,14,393.0,163.5,ped
5842,14,393.0,163.5,ped
5843,14,393.0,163.5,ped
5844,14,392.5,163.5,ped
5845,14,391.5,163.5,ped
5846,14,391.5,163.5,ped
5847,14,391.5,163.5,ped
5848,14,391.5,163.5,ped
5849,14,391.5,163.5,ped
5850,14,391.5,163.5,ped
5851,14,391.5,163.5,ped
5852,14,391.5,163.5,ped
5853,14,391.5,163.5,ped
5854,14,391.5,163.5,ped
5855,14,391.5,163.5,ped
5856,14,391.5,163.5,ped
5857,14,391.5,163.5,ped
5858,14,391.5,163.5,ped
5859,14,392.0,163.5,ped
5860,14,392.0,163.5,ped
5861,14,392.0,163.5,ped
5862,14,393.0,163.5,ped
5863,14,392.5,163.5,ped
5864,14,392.5,163.5,ped
5865,14,393.0,163.5,ped
5866,14,393.0,163.5,ped
5867,14,393.0,163.5,ped
5868,14,393.0,163.5,ped
5869,14,392.5,163.5,ped
5870,14,391.5,163.5,ped
5871,14,392.0,163.5,ped
5872,14,391.0,163.5,ped
5873,14,391.0,163.5,ped
5874,14,391.5,163.5,ped
5875,14,392.0,163.5,ped
5876,14,392.0,163.5,ped
5877,14,392.0,163.5,ped
5878,14,392.0,163.5,ped
5879,14,392.0,163.5,ped
5880,14,391.5,163.5,ped
5881,14,392.0,163.5,ped
5882,14,392.0,163.5,ped
5883,14,392.0,163.5,ped
5884,14,392.0,163.5,ped
5885,14,392.0,163.5,ped
5886,14,392.0,163.5,ped
5887,14,392.0,163.5,ped
5888,14,392.0,163.5,ped
5889,14,392.0,163.5,ped
5890,14,392.0,163.5,ped
5891,14,392.0,163.5,ped
5892,14,392.0,163.5,ped
5893,14,392.0,163.5,ped
5894,14,392.0,163.5,ped
5895,14,392.0,163.5,ped
5896,14,392.0,163.5,ped
5897,14,392.0,163.5,ped
5898,14,392.0,163.5,ped
5899,14,392.0,163.5,ped
5900,14,392.0,163.5,ped
5901,14,392.0,163.5,ped
5902,14,392.0,163.5,ped
5903,14,392.0,163.5,ped
5904,14,392.0,163.5,ped
5905,14,392.0,163.5,ped
5906,14,392.0,163.5,ped
5907,14,392.0,163.5,ped
5908,14,392.0,163.5,ped
5909,14,392.0,163.5,ped
5910,14,392.0,163.5,ped
5911,14,392.0,163.5,ped
5912,14,392.0,163.5,ped
5913,14,392.0,163.5,ped
5914,14,392.0,163.5,ped
5915,14,392.0,163.5,ped
5916,14,392.0,163.5,ped
5917,14,392.0,163.5,ped
5918,14,392.0,163.5,ped
5919,14,392.0,163.5,ped
5920,14,392.0,163.5,ped
5921,14,392.0,163.5,ped
5922,14,392.0,163.5,ped
5923,14,392.0,163.5,ped
5924,14,392.0,163.5,ped
5925,14,392.0,163.5,ped
5926,14,392.5,163.5,ped
5927,14,391.5,163.5,ped
5928,14,391.5,163.5,ped
5929,14,391.5,163.5,ped
5930,14,391.5,163.5,ped
5931,14,391.5,163.5,ped
5932,14,392.0,163.5,ped
5933,14,391.0,163.5,ped
5934,14,391.0,163.5,ped
5935,14,391.5,163.5,ped
5936,14,392.5,163.5,ped
5937,14,392.5,163.5,ped
5938,14,392.5,163.5,ped
5939,14,392.5,163.5,ped
5940,14,392.5,163.5,ped
5941,14,392.5,163.5,ped
5942,14,392.5,163.5,ped
5943,14,392.0,163.5,ped
5944,14,392.0,163.5,ped
5945,14,392.0,163.5,ped
5946,14,392.0,163.5,ped
5947,14,391.5,163.5,ped
5948,14,392.0,163.5,ped
5949,14,392.0,163.5,ped
5950,14,392.0,163.5,ped
5951,14,392.0,163.5,ped
5952,14,392.0,163.5,ped
5953,14,392.0,163.5,ped
5954,14,392.0,163.5,ped
5955,14,392.0,163.5,ped
5956,14,392.0,163.5,ped
5957,14,392.0,163.5,ped
5958,14,392.0,163.5,ped
5959,14,392.0,163.5,ped
5960,14,392.0,164.0,ped
5961,14,392.0,164.0,ped
5962,14,392.0,164.0,ped
5963,14,392.0,164.0,ped
5964,14,392.0,164.0,ped
5965,14,392.0,163.5,ped
5966,14,392.0,164.0,ped
5967,14,392.0,163.5,ped
5968,14,392.0,163.5,ped
5969,14,392.0,163.5,ped
5970,14,392.0,163.5,ped
5971,14,392.0,163.5,ped
5972,14,392.0,164.0,ped
5973,14,392.0,163.5,ped
5974,14,392.0,163.5,ped
5975,14,392.0,163.5,ped
5976,14,392.0,164.0,ped
5977,14,392.0,163.5,ped
5978,14,392.0,163.5,ped
5979,14,392.0,163.5,ped
5980,14,392.0,163.5,ped
5981,14,392.0,163.5,ped
5982,14,392.0,163.5,ped
5983,14,392.0,163.5,ped
5984,14,392.0,163.5,ped
5985,14,392.0,163.5,ped
5986,14,392.0,163.5,ped
5987,14,392.0,163.5,ped
5988,14,392.0,163.5,ped
5989,14,392.0,163.5,ped
5990,14,392.0,163.5,ped
5991,14,392.0,163.5,ped
5992,14,392.0,163.5,ped
5993,14,392.0,163.5,ped
5994,14,392.0,163.5,ped
5995,14,392.0,163.5,ped
5996,14,392.0,163.5,ped
5997,14,392.0,163.5,ped
5998,14,392.0,163.5,ped
5999,14,392.5,163.5,ped
6000,14,392.5,163.0,ped
6001,14,392.5,163.5,ped
6002,14,392.5,163.5,ped
6003,14,392.5,163.5,ped
6004,14,392.5,163.5,ped
6005,14,392.5,163.5,ped
6006,14,392.5,163.5,ped
6007,14,392.5,163.5,ped
6008,14,392.5,163.5,ped
6009,14,392.5,163.5,ped
6010,14,392.5,163.5,ped
6011,14,392.5,163.5,ped
6012,14,392.5,163.5,ped
6013,14,392.5,163.5,ped
6014,14,392.5,163.5,ped
6015,14,392.5,163.5,ped
6016,14,392.5,163.5,ped
6017,14,392.5,163.5,ped
6018,14,392.5,163.5,ped
6019,14,392.5,163.5,ped
6020,14,392.5,163.5,ped
6021,14,392.5,163.5,ped
6022,14,392.5,163.5,ped
6023,14,392.5,163.5,ped
6024,14,392.5,163.5,ped
6025,14,392.5,163.5,ped
6026,14,392.5,163.5,ped
6027,14,392.5,163.5,ped
6028,14,392.5,163.5,ped
6029,14,392.5,163.5,ped
6030,14,393.0,163.5,ped
6031,14,392.5,163.5,ped
6032,14,392.5,163.5,ped
6033,14,392.5,163.5,ped
6034,14,392.5,163.5,ped
6035,14,393.5,163.5,ped
6036,14,393.0,163.5,ped
6037,14,392.5,163.5,ped
6038,14,392.5,163.5,ped
6039,14,392.5,163.5,ped
6040,14,392.5,163.5,ped
6041,14,392.5,163.5,ped
6042,14,392.5,163.5,ped
6043,14,392.5,163.5,ped
6044,14,392.5,163.5,ped
6045,14,392.5,163.5,ped
6046,14,392.5,163.5,ped
6047,14,393.5,163.5,ped
6048,14,393.5,163.5,ped
6049,14,393.5,163.5,ped
6050,14,393.5,163.5,ped
6051,14,393.5,163.5,ped
6052,14,393.5,163.5,ped
6053,14,393.5,163.5,ped
6054,14,393.5,163.5,ped
6055,14,393.5,163.5,ped
6056,14,393.5,163.5,ped
6057,14,393.5,163.5,ped
6058,14,393.5,163.5,ped
6059,14,393.0,163.5,ped
6060,14,393.0,163.5,ped
6061,14,393.0,163.5,ped
6062,14,393.0,163.5,ped
6063,14,393.0,163.5,ped
6064,14,393.0,163.5,ped
6065,14,393.0,163.5,ped
6066,14,393.0,163.5,ped
6067,14,393.0,163.5,ped
6068,14,393.0,163.5,ped
6069,14,392.0,163.5,ped
6070,14,392.0,163.5,ped
6071,14,392.0,163.5,ped
6072,14,392.0,163.5,ped
6073,14,392.0,163.5,ped
6074,14,392.0,163.5,ped
6075,14,392.0,163.5,ped
6076,14,392.5,163.5,ped
6077,14,393.5,163.5,ped
6078,14,393.5,163.5,ped
6079,14,393.5,163.5,ped
6080,14,393.5,163.5,ped
6081,14,393.0,163.5,ped
6082,14,392.0,163.5,ped
6083,14,392.0,163.5,ped
6084,14,392.0,163.5,ped
6085,14,392.0,163.5,ped
6086,14,392.5,163.5,ped
6087,14,393.5,163.5,ped
6088,14,393.5,163.5,ped
6089,14,393.5,163.5,ped
6090,14,393.5,163.5,ped
6091,14,393.5,163.5,ped
6092,14,393.5,163.5,ped
6093,14,393.5,163.5,ped
6094,14,393.5,163.5,ped
6095,14,393.5,163.5,ped
6096,14,393.5,163.5,ped
6097,14,393.5,163.5,ped
6098,14,393.5,163.5,ped
6099,14,393.5,163.5,ped
6100,14,393.5,163.5,ped
6101,14,393.5,163.5,ped
6102,14,393.5,163.5,ped
6103,14,393.5,163.5,ped
6104,14,393.5,163.5,ped
6105,14,393.5,163.5,ped
6106,14,393.5,163.5,ped
6107,14,393.0,164.0,ped
6108,14,393.0,164.5,ped
6109,14,393.0,164.0,ped
6110,14,393.0,164.0,ped
6111,14,393.0,163.5,ped
6112,14,392.5,163.5,ped
6113,14,392.5,163.5,ped
6114,14,392.5,163.5,ped
6115,14,392.5,163.5,ped
6116,14,392.5,163.5,ped
6117,14,392.5,163.5,ped
6118,14,392.5,163.5,ped
6119,14,392.5,163.5,ped
6120,14,392.5,163.5,ped
6121,14,392.5,163.5,ped
6122,14,392.5,163.5,ped
6123,14,392.5,163.5,ped
6124,14,392.5,163.5,ped
6125,14,392.5,163.5,ped
6126,14,392.5,163.5,ped
6127,14,392.5,163.5,ped
6128,14,392.5,163.5,ped
6129,14,392.0,163.5,ped
6130,14,392.0,163.5,ped
6131,14,392.0,163.5,ped
6132,14,392.0,163.5,ped
6133,14,392.0,163.5,ped
6134,14,392.0,163.5,ped
6135,14,392.5,163.5,ped
6136,14,391.5,163.5,ped
6137,14,392.0,163.5,ped
6138,14,392.0,163.5,ped
6139,14,392.0,163.5,ped
6140,14,392.0,163.5,ped
6141,14,392.0,163.5,ped
6142,14,392.0,163.5,ped
6143,14,392.0,163.5,ped
6144,14,392.0,163.5,ped
6145,14,392.0,163.5,ped
6146,14,392.0,163.5,ped
6147,14,392.0,163.5,ped
6148,14,392.0,163.5,ped
6149,14,392.0,163.5,ped
6150,14,392.0,163.5,ped
6151,14,392.0,163.5,ped
6152,14,392.0,163.5,ped
6153,14,392.0,163.5,ped
6154,14,392.0,163.5,ped
6155,14,392.0,163.5,ped
6156,14,392.0,163.5,ped
6157,14,392.0,163.5,ped
6158,14,392.0,163.5,ped
6159,14,392.0,163.5,ped
6160,14,392.5,163.5,ped
6161,14,392.0,163.5,ped
6162,14,392.0,163.5,ped
6163,14,392.0,163.5,ped
6164,14,392.0,163.5,ped
6165,14,392.0,163.5,ped
6166,14,391.0,163.5,ped
6167,14,391.0,163.5,ped
6168,14,391.0,163.5,ped
6169,14,391.5,163.5,ped
6170,14,392.5,163.5,ped
6171,14,392.5,163.5,ped
6172,14,392.5,163.5,ped
6173,14,392.5,163.5,ped
6174,14,392.5,163.5,ped
6175,14,392.0,163.5,ped
6176,14,391.0,163.5,ped
6177,14,391.5,163.5,ped
6178,14,390.5,163.5,ped
6179,14,390.5,163.5,ped
6180,14,390.5,163.5,ped
6181,14,391.0,163.5,ped
6182,14,391.5,163.5,ped
6183,14,391.5,163.5,ped
6184,14,391.5,163.5,ped
6185,14,391.5,163.5,ped
6186,14,391.5,163.5,ped
6187,14,390.5,163.5,ped
6188,14,391.0,163.5,ped
6189,14,391.5,163.5,ped
6190,14,391.5,163.5,ped
6191,14,391.0,163.5,ped
6192,14,391.5,163.5,ped
6193,14,390.5,163.5,ped
6194,14,390.5,163.5,ped
6195,14,390.5,163.5,ped
6196,14,390.5,163.5,ped
6197,14,390.5,163.5,ped
6198,14,390.5,163.5,ped
6199,14,390.5,163.5,ped
6200,14,390.5,163.5,ped
6201,14,391.0,163.5,ped
6202,14,392.0,163.5,ped
6203,14,392.0,163.5,ped
6204,14,392.0,163.5,ped
6205,14,391.5,163.5,ped
6206,14,392.5,163.5,ped
6207,14,392.5,163.5,ped
6208,14,392.5,163.5,ped
6209,14,392.5,163.5,ped
6210,14,392.5,163.5,ped
6211,14,392.5,163.5,ped
6212,14,392.0,163.5,ped
6213,14,391.0,163.5,ped
6214,14,392.0,163.0,ped
6215,14,392.0,163.0,ped
6216,14,390.5,163.0,ped
6217,14,390.5,163.0,ped
6218,14,390.5,163.0,ped
6219,14,391.0,163.0,ped
6220,14,391.0,163.0,ped
6221,14,391.5,163.0,ped
6222,14,391.5,163.0,ped
6223,14,391.5,163.0,ped
6224,14,392.0,163.0,ped
6225,14,392.0,163.0,ped
6226,14,392.0,163.0,ped
6227,14,392.0,163.0,ped
6228,14,392.0,163.0,ped
6229,14,391.5,163.0,ped
6230,14,392.0,163.0,ped
6231,14,392.0,163.0,ped
6232,14,392.0,163.0,ped
6233,14,392.0,163.0,ped
6234,14,392.0,163.0,ped
6235,14,392.0,163.0,ped
6236,14,392.0,163.0,ped
6237,14,392.0,163.0,ped
6238,14,392.0,163.0,ped
6239,14,392.0,163.0,ped
6240,14,392.0,163.0,ped
6241,14,392.5,163.0,ped
6242,14,392.5,163.0,ped
6243,14,392.5,163.0,ped
6244,14,392.5,163.0,ped
6245,14,392.5,163.0,ped
6246,14,392.0,163.0,ped
6247,14,391.5,163.0,ped
6248,14,392.0,163.0,ped
6249,14,391.5,163.0,ped
6250,14,391.5,163.0,ped
6251,14,391.5,163.0,ped
6252,14,391.5,163.0,ped
6253,14,392.0,163.0,ped
6254,14,391.5,163.0,ped
6255,14,391.0,163.0,ped
6256,14,390.0,163.0,ped
6257,14,390.0,163.0,ped
6258,14,391.0,163.0,ped
6259,14,391.5,163.0,ped
6260,14,391.5,163.0,ped
6261,14,391.5,163.0,ped
6262,14,392.0,163.0,ped
6263,14,393.0,163.0,ped
6264,14,392.5,163.0,ped
6265,14,392.5,163.0,ped
6266,14,392.5,163.0,ped
6267,14,392.0,163.0,ped
6268,14,392.5,163.0,ped
6269,14,392.0,163.0,ped
6270,14,392.0,163.5,ped
6271,14,392.0,163.5,ped
6272,14,392.0,163.5,ped
6273,14,392.0,163.5,ped
6274,14,392.0,163.5,ped
6275,14,393.0,163.5,ped
6276,14,393.0,163.5,ped
6277,14,393.0,163.5,ped
6278,14,392.5,163.5,ped
6279,14,392.5,163.5,ped
6280,14,392.5,163.5,ped
6281,14,392.5,163.5,ped
6282,14,392.5,163.5,ped
6283,14,393.0,163.5,ped
6284,14,393.0,163.5,ped
6285,14,392.5,163.5,ped
6286,14,392.5,163.5,ped
6287,14,392.5,163.5,ped
6288,14,392.0,163.5,ped
6289,14,392.0,163.5,ped
6290,14,392.5,163.5,ped
6291,14,392.5,163.5,ped
6292,14,392.5,163.5,ped
6293,14,392.0,163.5,ped
6294,14,392.0,163.5,ped
6295,14,392.0,163.5,ped
6296,14,392.0,163.5,ped
6297,14,392.0,163.5,ped
6298,14,392.5,163.5,ped
6299,14,392.5,163.0,ped
6300,14,392.5,163.5,ped
6301,14,392.5,163.5,ped
6302,14,392.5,163.0,ped
6303,14,392.5,163.0,ped
6304,14,392.5,163.0,ped
6305,14,392.5,163.0,ped
6306,14,392.5,163.0,ped
6307,14,392.5,163.0,ped
6308,14,392.5,163.0,ped
6309,14,392.5,163.0,ped
6310,14,392.5,163.0,ped
6311,14,392.5,163.0,ped
6312,14,392.5,163.0,ped
6313,14,392.5,163.0,ped
6314,14,392.5,163.0,ped
6315,14,392.5,163.0,ped
6316,14,392.5,163.0,ped
6317,14,392.5,163.0,ped
6318,14,392.5,163.0,ped
6319,14,392.5,163.0,ped
6320,14,392.5,163.0,ped
6321,14,393.0,163.0,ped
6322,14,392.5,163.0,ped
6323,14,392.0,163.0,ped
6324,14,392.0,163.0,ped
6325,14,392.5,163.0,ped
6326,14,392.5,163.0,ped
6327,14,392.0,163.0,ped
6328,14,392.0,163.0,ped
6329,14,392.0,163.0,ped
6330,14,392.0,163.0,ped
6331,14,392.5,163.0,ped
6332,14,392.5,163.0,ped
6333,14,392.0,163.0,ped
6334,14,392.0,163.0,ped
6335,14,392.5,163.0,ped
6336,14,392.0,163.0,ped
6337,14,393.0,163.5,ped
6338,14,393.0,163.5,ped
6339,14,392.5,163.5,ped
6340,14,393.0,163.5,ped
6341,14,392.0,163.5,ped
6342,14,392.0,163.5,ped
6343,14,392.0,163.5,ped
6344,14,392.0,163.5,ped
6345,14,392.0,163.5,ped
6346,14,392.0,163.5,ped
6347,14,392.0,163.5,ped
6348,14,392.0,163.5,ped
6349,14,392.0,163.5,ped
6350,14,392.0,163.5,ped
6351,14,392.0,163.5,ped
6352,14,392.5,163.5,ped
6353,14,392.5,163.5,ped
6354,14,392.5,163.5,ped
6355,14,392.5,163.5,ped
6356,14,392.5,163.5,ped
6357,14,392.0,163.5,ped
6358,14,392.0,163.5,ped
6359,14,392.5,163.5,ped
6360,14,393.0,163.5,ped
6361,14,393.0,163.5,ped
6362,14,393.0,163.5,ped
6363,14,392.5,163.5,ped
6364,14,392.5,163.5,ped
6365,14,393.0,163.5,ped
6366,14,392.5,163.5,ped
6367,14,392.5,163.5,ped
6368,14,393.0,163.5,ped
6369,14,392.5,163.5,ped
6370,14,392.5,163.5,ped
6371,14,392.5,163.5,ped
6372,14,392.5,163.5,ped
6373,14,392.5,163.5,ped
6374,14,392.5,163.5,ped
6375,14,392.5,163.5,ped
6376,14,392.0,163.5,ped
6377,14,392.5,163.5,ped
6378,14,392.5,163.5,ped
6379,14,392.5,163.5,ped
6380,14,392.5,163.5,ped
6381,14,392.5,163.5,ped
6382,14,392.5,163.5,ped
6383,14,392.0,163.5,ped
6384,14,392.5,163.5,ped
6385,14,392.5,163.5,ped
6386,14,392.5,163.5,ped
6387,14,392.5,163.5,ped
6388,14,392.5,163.5,ped
6389,14,392.5,163.5,ped
6390,14,392.5,163.5,ped
6391,14,392.5,163.5,ped
6392,14,392.5,163.5,ped
6393,14,392.5,163.5,ped
6394,14,392.5,163.5,ped
6395,14,392.5,163.5,ped
6396,14,392.5,163.5,ped
6397,14,392.5,163.5,ped
6398,14,392.5,163.5,ped
6399,14,392.5,163.5,ped
6400,14,392.5,163.5,ped
6401,14,392.5,163.5,ped
6402,14,391.5,163.5,ped
6403,14,391.5,163.5,ped
6404,14,391.5,163.5,ped
6405,14,391.5,163.5,ped
6406,14,391.5,163.5,ped
6407,14,391.5,163.5,ped
6408,14,391.5,163.5,ped
6409,14,391.5,163.5,ped
6410,14,391.5,163.5,ped
6411,14,391.5,163.5,ped
6412,14,391.5,163.5,ped
6413,14,391.5,163.5,ped
6414,14,391.5,163.5,ped
6415,14,391.5,163.5,ped
6416,14,392.0,163.5,ped
6417,14,392.5,163.5,ped
6418,14,392.0,163.5,ped
6419,14,393.0,163.5,ped
6420,14,393.0,163.5,ped
6421,14,393.0,163.5,ped
6422,14,393.0,163.5,ped
6423,14,393.0,163.5,ped
6424,14,392.5,163.5,ped
6425,14,391.5,163.5,ped
6426,14,392.0,163.5,ped
6427,14,391.5,163.5,ped
6428,14,392.0,163.5,ped
6429,14,391.0,163.5,ped
6430,14,391.0,163.5,ped
6431,14,391.0,163.5,ped
6432,14,391.0,163.5,ped
6433,14,391.5,163.5,ped
6434,14,392.5,163.5,ped
6435,14,392.5,163.5,ped
6436,14,392.0,163.5,ped
6437,14,391.5,163.5,ped
6438,14,392.5,163.5,ped
6439,14,392.5,163.5,ped
6440,14,392.5,163.5,ped
6441,14,392.5,163.5,ped
6442,14,392.5,163.5,ped
6443,14,392.0,163.5,ped
6444,14,391.0,163.5,ped
6445,14,391.0,163.5,ped
6446,14,391.0,163.5,ped
6447,14,391.0,163.5,ped
6448,14,391.0,163.5,ped
6449,14,391.0,163.5,ped
6450,14,391.0,163.5,ped
6451,14,391.0,163.5,ped
6452,14,391.5,163.5,ped
6453,14,392.5,163.5,ped
6454,14,392.5,163.5,ped
6455,14,392.5,163.5,ped
6456,14,392.5,163.5,ped
6457,14,392.5,163.5,ped
6458,14,392.5,163.5,ped
6459,14,392.5,163.5,ped
6460,14,392.5,163.5,ped
6461,14,392.5,163.5,ped
6462,14,392.5,163.5,ped
6463,14,392.5,163.5,ped
6464,14,392.0,163.5,ped
6465,14,393.0,163.5,ped
6466,14,393.0,163.5,ped
6467,14,393.0,163.5,ped
6468,14,393.0,163.5,ped
6469,14,393.0,163.5,ped
6470,14,393.0,163.5,ped
6471,14,393.0,163.5,ped
6472,14,393.0,163.5,ped
6473,14,393.0,163.5,ped
6474,14,393.0,163.5,ped
6475,14,393.0,163.5,ped
6476,14,393.0,163.5,ped
6477,14,393.0,163.5,ped
6478,14,393.0,163.5,ped
6479,14,393.0,163.5,ped
6480,14,393.0,163.5,ped
6481,14,393.0,163.5,ped
6482,14,392.5,163.5,ped
6483,14,391.5,163.5,ped
6484,14,391.5,163.5,ped
6485,14,391.5,163.5,ped
6486,14,391.5,163.5,ped
6487,14,391.5,163.5,ped
6488,14,391.5,163.5,ped
6489,14,391.5,163.5,ped
6490,14,391.5,163.5,ped
6491,14,391.5,163.5,ped
6492,14,391.5,163.5,ped
6493,14,391.5,163.5,ped
6494,14,391.5,163.5,ped
6495,14,391.5,163.5,ped
6496,14,392.0,163.5,ped
6497,14,391.0,163.5,ped
6498,14,391.5,163.5,ped
6499,14,392.0,163.5,ped
6500,14,392.5,163.5,ped
6501,14,392.0,163.5,ped
6502,14,393.0,163.5,ped
6503,14,393.0,163.5,ped
6504,14,393.0,163.5,ped
6505,14,393.0,163.5,ped
6506,14,393.0,163.5,ped
6507,14,393.0,163.5,ped
6508,14,393.0,163.5,ped
6509,14,393.0,163.5,ped
6510,14,393.0,163.5,ped
6511,14,393.0,163.5,ped
6512,14,393.0,163.5,ped
6513,14,393.0,163.5,ped
6514,14,393.0,163.5,ped
6515,14,393.0,163.5,ped
6516,14,393.0,163.5,ped
6517,14,393.0,163.5,ped
6518,14,393.0,163.5,ped
6519,14,392.5,163.5,ped
6520,14,392.0,163.5,ped
6521,14,393.0,163.5,ped
6522,14,393.0,163.5,ped
6523,14,393.0,163.5,ped
6524,14,393.0,163.5,ped
6525,14,393.0,163.5,ped
6526,14,393.0,163.5,ped
6527,14,392.5,163.5,ped
6528,14,391.5,163.5,ped
6529,14,392.0,163.5,ped
6530,14,391.5,163.5,ped
6531,14,392.0,163.5,ped
6532,14,391.0,163.5,ped
6533,14,391.0,163.5,ped
6534,14,391.5,163.5,ped
6535,14,392.0,163.5,ped
6536,14,392.0,163.5,ped
6537,14,391.0,163.5,ped
6538,14,391.5,163.5,ped
6539,14,392.5,163.5,ped
6540,14,392.5,163.5,ped
6541,14,392.0,163.5,ped
6542,14,391.0,163.5,ped
6543,14,391.0,163.5,ped
6544,14,391.0,163.5,ped
6545,14,391.0,163.5,ped
6546,14,391.0,163.5,ped
6547,14,391.0,163.5,ped
6548,14,391.0,163.5,ped
6549,14,391.0,163.5,ped
6550,14,391.5,163.5,ped
6551,14,391.5,164.0,ped
6552,14,392.0,164.0,ped
6553,14,391.5,164.0,ped
6554,14,391.0,164.0,ped
6555,14,391.5,164.0,ped
6556,14,391.5,164.0,ped
6557,14,391.0,164.0,ped
6558,14,390.5,164.0,ped
6559,14,390.5,164.0,ped
6560,14,391.0,164.0,ped
6561,14,390.0,164.0,ped
6562,14,390.0,164.0,ped
6563,14,390.0,164.0,ped
6564,14,390.0,164.0,ped
6565,14,390.0,164.0,ped
6566,14,390.0,164.0,ped
6567,14,390.5,164.0,ped
6568,14,391.0,164.0,ped
6569,14,390.5,164.0,ped
6570,14,390.5,164.0,ped
6571,14,390.0,164.0,ped
6572,14,391.0,163.0,ped
6573,14,391.0,163.0,ped
6574,14,390.5,163.0,ped
6575,14,391.0,163.0,ped
6576,14,391.0,163.0,ped
6577,14,391.0,163.0,ped
6578,14,391.0,163.5,ped
6579,14,391.0,163.5,ped
6580,14,391.0,163.5,ped
6581,14,391.0,163.5,ped
6582,14,390.5,163.5,ped
6583,14,391.0,163.5,ped
6584,14,391.0,163.5,ped
6585,14,391.0,163.5,ped
6586,14,390.5,163.5,ped
6587,14,390.5,163.5,ped
6588,14,390.5,163.5,ped
6589,14,390.5,163.5,ped
6590,14,390.5,163.5,ped
6591,14,390.5,163.0,ped
6592,14,391.0,163.5,ped
6593,14,391.0,163.5,ped
6594,14,391.0,163.5,ped
6595,14,391.0,163.5,ped
6596,14,391.5,163.5,ped
6597,14,391.0,163.5,ped
6598,14,391.0,163.5,ped
6599,14,391.0,163.5,ped
6600,14,391.5,163.5,ped
6601,14,391.0,163.5,ped
6602,14,391.0,163.5,ped
6603,14,391.5,163.5,ped
6604,14,391.5,163.5,ped
6605,14,391.0,163.5,ped
6606,14,391.0,163.5,ped
6607,14,391.0,163.5,ped
6608,14,391.5,163.5,ped
6609,14,391.0,163.5,ped
6610,14,391.5,163.5,ped
6611,14,391.0,163.5,ped
6612,14,391.0,163.5,ped
6613,14,390.5,163.5,ped
6614,14,390.0,163.5,ped
6615,14,390.0,163.5,ped
6616,14,390.0,163.5,ped
6617,14,390.5,163.5,ped
6618,14,390.0,163.5,ped
6619,14,390.0,163.5,ped
6620,14,389.0,163.5,ped
6621,14,388.0,163.5,ped
6622,14,389.0,163.5,ped
6623,14,389.5,163.5,ped
6624,14,389.5,163.5,ped
6625,14,389.0,163.5,ped
6626,14,389.5,163.5,ped
6627,14,389.5,163.5,ped
6628,14,389.0,163.5,ped
6629,14,389.0,163.5,ped
6630,14,389.5,163.5,ped
6631,14,389.5,163.5,ped
6632,14,389.0,163.5,ped
6633,14,388.0,163.5,ped
6634,14,387.0,163.5,ped
6635,14,386.5,163.5,ped
6636,14,386.5,163.5,ped
6637,14,386.5,163.5,ped
6638,14,386.5,163.5,ped
6639,14,385.5,163.5,ped
6640,14,385.5,163.5,ped
6641,14,385.5,163.5,ped
6642,14,384.5,163.5,ped
6643,14,385.0,163.5,ped
6644,14,385.5,163.5,ped
6645,14,385.5,163.5,ped
6646,14,386.0,163.5,ped
6647,14,385.0,163.5,ped
6648,14,385.5,163.0,ped
6649,14,385.5,162.5,ped
6650,14,385.0,163.0,ped
6651,14,385.0,163.0,ped
6652,14,384.5,163.0,ped
6653,14,384.5,163.0,ped
6654,14,384.5,163.0,ped
6655,14,384.5,163.0,ped
6656,14,384.5,163.0,ped
6657,14,383.5,163.0,ped
6658,14,384.0,163.0,ped
6659,14,384.0,163.0,ped
6660,14,384.5,163.0,ped
6661,14,385.0,163.0,ped
6662,14,386.0,163.0,ped
6663,14,385.5,163.0,ped
6664,14,385.5,163.0,ped
6665,14,385.5,163.0,ped
6666,14,385.5,163.0,ped
6667,14,385.5,163.0,ped
6668,14,385.5,163.0,ped
6669,14,385.5,163.0,ped
6670,14,385.5,163.0,ped
6671,14,385.5,163.0,ped
6672,14,385.5,163.0,ped
6673,14,386.0,163.0,ped
6674,14,386.0,163.0,ped
6675,14,386.5,163.0,ped
6676,14,387.0,163.0,ped
6677,14,385.5,163.0,ped
6678,14,385.0,163.0,ped
6679,14,385.5,163.0,ped
6680,14,386.0,163.0,ped
6681,14,386.0,163.0,ped
6682,14,386.0,163.0,ped
6683,14,385.5,163.0,ped
6684,14,385.5,163.5,ped
6685,14,385.5,164.0,ped
6686,14,386.5,163.5,ped
6687,14,386.0,163.5,ped
6688,14,386.5,163.5,ped
6689,14,386.5,163.5,ped
6690,14,386.0,163.5,ped
6691,14,386.5,163.5,ped
6692,14,386.5,163.5,ped
6693,14,386.5,163.5,ped
6694,14,386.0,163.5,ped
6695,14,386.5,163.5,ped
6696,14,386.5,163.0,ped
6697,14,387.0,163.0,ped
6698,14,386.5,163.0,ped
6699,14,388.0,163.5,ped
6700,14,388.0,164.0,ped
6701,14,388.0,164.0,ped
6702,14,388.0,164.0,ped
6703,14,388.0,164.0,ped
6704,14,388.5,164.0,ped
6705,14,388.5,164.0,ped
6706,14,388.5,164.0,ped
6707,14,389.5,164.0,ped
6708,14,389.5,164.0,ped
6709,14,390.0,163.5,ped
6710,14,390.0,163.5,ped
6711,14,390.0,163.5,ped
6712,14,390.0,164.0,ped
6713,14,390.0,163.5,ped
6714,14,390.0,163.5,ped
6715,14,390.0,163.5,ped
6716,14,390.5,163.5,ped
6717,14,390.5,163.5,ped
6718,14,391.0,163.5,ped
6719,14,391.0,163.5,ped
6720,14,391.0,163.5,ped
6721,14,391.0,163.5,ped
6722,14,391.0,163.5,ped
6723,14,391.0,163.5,ped
6724,14,391.0,163.5,ped
6725,14,391.0,163.5,ped
6726,14,391.0,163.5,ped
6727,14,391.0,164.0,ped
6728,14,391.0,164.5,ped
6729,14,390.5,163.5,ped
6730,14,391.0,163.0,ped
6731,14,391.5,163.5,ped
6732,14,391.5,163.5,ped
6733,14,391.5,163.5,ped
6734,14,391.5,163.5,ped
6735,14,391.5,163.5,ped
6736,14,392.0,163.5,ped
6737,14,392.0,163.5,ped
6738,14,392.0,163.5,ped
6739,14,392.0,163.5,ped
6740,14,392.0,163.5,ped
6741,14,392.0,163.5,ped
6742,14,392.0,163.5,ped
6743,14,392.0,163.5,ped
6744,14,392.0,163.5,ped
6745,14,392.0,163.5,ped
6746,14,392.0,163.5,ped
6747,14,392.0,163.5,ped
6748,14,392.5,163.0,ped
6749,14,392.0,163.5,ped
6750,14,392.0,163.5,ped
6751,14,392.5,163.5,ped
6752,14,392.5,163.5,ped
6753,14,392.5,163.5,ped
6754,14,392.5,163.5,ped
6755,14,392.5,163.5,ped
6756,14,392.5,163.5,ped
6757,14,392.5,163.5,ped
6758,14,392.5,163.5,ped
6759,14,392.5,163.5,ped
6760,14,392.5,163.5,ped
6761,14,392.5,163.5,ped
6762,14,392.5,163.5,ped
6763,14,392.5,163.5,ped
6764,14,392.5,163.5,ped
6765,14,392.5,163.5,ped
6766,14,392.5,163.0,ped
6767,14,392.5,163.5,ped
6768,14,392.5,163.5,ped
6769,14,392.5,163.5,ped
6770,14,392.5,163.5,ped
6771,14,392.5,163.5,ped
6772,14,393.0,163.5,ped
6773,14,392.5,163.5,ped
6774,14,392.5,163.5,ped
6775,14,392.5,163.5,ped
6776,14,392.5,163.5,ped
6777,14,392.5,163.5,ped
6778,14,392.5,163.5,ped
6779,14,392.0,163.5,ped
6780,14,392.5,163.5,ped
6781,14,392.0,163.5,ped
6782,14,392.0,163.5,ped
6783,14,392.0,163.5,ped
6784,14,392.0,164.0,ped
6785,14,392.0,164.0,ped
6786,14,392.0,164.0,ped
6787,14,392.5,164.0,ped
6788,14,392.5,164.0,ped
6789,14,392.5,163.5,ped
6790,14,392.5,163.5,ped
6791,14,392.5,163.5,ped
6792,14,392.5,163.5,ped
6793,14,392.5,163.0,ped
6794,14,392.5,163.0,ped
6795,14,392.5,162.5,ped
6796,14,392.0,162.5,ped
6797,14,392.5,163.0,ped
6798,14,392.5,163.0,ped
6799,14,392.0,163.0,ped
6800,14,392.0,163.0,ped
6801,14,392.0,163.0,ped
6802,14,392.0,163.0,ped
6803,14,392.0,163.0,ped
6804,14,392.0,163.0,ped
6805,14,392.0,163.0,ped
6806,14,392.0,163.0,ped
6807,14,392.0,163.0,ped
6808,14,392.0,163.0,ped
6809,14,392.0,163.0,ped
6810,14,392.0,163.0,ped
6811,14,392.0,163.0,ped
6812,14,392.5,163.5,ped
6813,14,392.0,163.5,ped
6814,14,392.0,163.5,ped
6815,14,391.5,163.5,ped
6816,14,391.5,163.5,ped
6817,14,391.5,163.5,ped
6818,14,391.0,163.5,ped
6819,14,391.0,163.5,ped
6820,14,391.0,163.5,ped
6821,14,391.5,163.5,ped
6822,14,391.5,163.5,ped
6823,14,391.0,163.5,ped
6824,14,391.0,163.5,ped
6825,14,391.0,163.5,ped
6826,14,391.0,164.0,ped
6827,14,391.0,164.5,ped
6828,14,391.5,164.0,ped
6829,14,391.5,164.0,ped
6830,14,391.0,164.0,ped
6831,14,392.0,164.0,ped
6832,14,392.0,164.0,ped
6833,14,392.0,164.0,ped
6834,14,392.0,164.0,ped
6835,14,391.5,164.0,ped
6836,14,391.5,164.0,ped
6837,14,391.5,164.0,ped
6838,14,391.5,164.0,ped
6839,14,391.5,164.0,ped
6840,14,391.5,163.5,ped
6841,14,391.5,163.5,ped
6842,14,391.5,163.5,ped
6843,14,391.5,163.5,ped
6844,14,392.0,163.5,ped
6845,14,391.5,163.5,ped
6846,14,391.5,163.5,ped
6847,14,391.5,163.5,ped
6848,14,392.0,163.5,ped
6849,14,391.5,163.5,ped
6850,14,392.0,163.5,ped
6851,14,392.0,163.5,ped
6852,14,392.5,163.5,ped
6853,14,392.5,163.5,ped
6854,14,392.5,163.5,ped
6855,14,392.5,163.5,ped
6856,14,392.5,163.5,ped
6857,14,392.0,163.5,ped
6858,14,392.0,163.5,ped
6859,14,391.5,163.0,ped
6860,14,391.5,162.5,ped
6861,14,392.0,163.0,ped
6862,14,392.0,163.5,ped
6863,14,392.0,163.5,ped
6864,14,392.0,163.5,ped
6865,14,392.0,163.5,ped
6866,14,392.0,163.5,ped
6867,14,392.0,163.5,ped
6868,14,392.0,163.5,ped
6869,14,392.0,163.5,ped
6870,14,391.5,163.5,ped
6871,14,392.0,163.5,ped
6872,14,391.5,163.5,ped
6873,14,391.5,163.5,ped
6874,14,391.5,163.5,ped
6875,14,391.5,163.5,ped
6876,14,391.5,163.5,ped
6877,14,392.0,163.5,ped
6878,14,392.0,163.5,ped
6879,14,392.0,163.5,ped
6880,14,392.0,163.5,ped
6881,14,392.0,163.5,ped
6882,14,392.0,163.5,ped
6883,14,392.5,163.5,ped
6884,14,392.5,163.5,ped
6885,14,392.0,163.5,ped
6886,14,392.0,163.5,ped
6887,14,392.0,163.5,ped
6888,14,392.0,163.5,ped
6889,14,392.0,163.5,ped
6890,14,392.0,163.5,ped
6891,14,392.5,163.5,ped
6892,14,392.5,163.5,ped
6893,14,392.5,163.5,ped
6894,14,392.5,163.5,ped
6895,14,392.5,163.5,ped
6896,14,392.5,163.5,ped
6897,14,392.5,163.5,ped
6898,14,392.5,163.5,ped
6899,14,392.5,163.5,ped
6900,14,392.5,163.5,ped
6901,14,393.0,163.5,ped
6902,14,393.0,163.5,ped
6903,14,393.0,163.5,ped
6904,14,392.5,163.5,ped
6905,14,392.5,163.5,ped
6906,14,392.5,163.5,ped
6907,14,392.5,163.5,ped
6908,14,392.0,163.5,ped
6909,14,392.0,163.5,ped
6910,14,392.0,163.5,ped
6911,14,391.5,163.5,ped
6912,14,392.0,163.5,ped
6913,14,391.5,163.5,ped
6914,14,392.0,163.5,ped
6915,14,391.5,163.5,ped
6916,14,392.0,163.5,ped
6917,14,392.0,163.5,ped
6918,14,393.0,163.5,ped
6919,14,393.0,163.5,ped
6920,14,393.0,163.5,ped
6921,14,392.5,163.0,ped
6922,14,392.5,162.5,ped
6923,14,392.5,163.0,ped
6924,14,392.5,163.0,ped
6925,14,393.0,163.0,ped
6926,14,392.5,163.0,ped
6927,14,393.0,163.5,ped
6928,14,393.5,163.5,ped
6929,14,393.5,163.0,ped
6930,14,393.5,163.0,ped
6931,14,393.0,163.0,ped
6932,14,393.5,163.0,ped
6933,14,393.5,163.0,ped
6934,14,393.5,163.0,ped
6935,14,393.5,163.0,ped
6936,14,393.5,163.0,ped
6937,14,393.5,163.0,ped
6938,14,394.0,163.0,ped
6939,14,394.0,163.0,ped
6940,14,394.0,163.0,ped
6941,14,394.0,163.0,ped
6942,14,394.0,163.0,ped
6943,14,394.0,163.0,ped
6944,14,394.0,163.0,ped
6945,14,395.0,164.5,ped
6946,14,395.0,164.5,ped
6947,14,394.5,164.5,ped
6948,14,394.0,163.0,ped
6949,14,394.0,163.0,ped
6950,14,394.0,163.0,ped
6951,14,394.0,163.0,ped
6952,14,394.0,163.0,ped
6953,14,393.5,163.0,ped
6954,14,393.5,163.0,ped
6955,14,393.5,163.0,ped
6956,14,393.5,163.0,ped
6957,14,393.5,163.0,ped
6958,14,393.5,163.0,ped
6959,14,393.5,163.0,ped
6960,14,393.5,163.0,ped
6961,14,393.0,163.0,ped
6962,14,393.5,163.0,ped
6963,14,393.5,163.0,ped
6964,14,393.0,163.0,ped
6965,14,393.0,163.0,ped
6966,14,393.0,163.0,ped
6967,14,393.0,163.0,ped
6968,14,393.0,163.0,ped
6969,14,393.5,163.0,ped
6970,14,393.0,163.0,ped
6971,14,393.0,163.0,ped
6972,14,393.5,163.0,ped
6973,14,393.5,163.0,ped
6974,14,393.0,163.0,ped
6975,14,393.0,163.0,ped
6976,14,393.0,163.0,ped
6977,14,393.0,163.0,ped
6978,14,393.0,163.0,ped
6979,14,392.5,163.0,ped
6980,14,392.5,163.0,ped
6981,14,392.5,163.0,ped
6982,14,392.5,163.0,ped
6983,14,392.5,163.0,ped
6984,14,392.5,163.0,ped
6985,14,392.5,163.0,ped
6986,14,392.5,163.5,ped
6987,14,392.5,163.5,ped
6988,14,392.5,163.5,ped
6989,14,392.0,164.0,ped
6990,14,392.0,164.0,ped
6991,14,392.0,164.5,ped
6992,14,392.5,163.5,ped
6993,14,392.0,163.5,ped
6994,14,392.0,163.5,ped
6995,14,392.5,163.5,ped
6996,14,392.5,163.5,ped
6997,14,392.5,163.5,ped
6998,14,392.5,163.5,ped
6999,14,392.5,163.5,ped
7000,14,392.5,163.5,ped
7001,14,392.5,163.5,ped
7002,14,392.5,163.5,ped
7003,14,392.0,163.5,ped
7004,14,392.0,163.5,ped
7005,14,392.0,163.5,ped
7006,14,392.0,163.5,ped
7007,14,392.5,163.5,ped
7008,14,392.0,163.5,ped
7009,14,392.5,163.5,ped
7010,14,392.5,163.5,ped
7011,14,392.5,163.5,ped
7012,14,392.5,163.5,ped
7013,14,392.0,163.5,ped
7014,14,392.0,163.5,ped
7015,14,392.5,163.5,ped
7016,14,392.5,163.5,ped
7017,14,392.0,163.5,ped
7018,14,392.0,163.5,ped
7019,14,392.0,163.5,ped
7020,14,392.0,163.5,ped
7021,14,392.0,163.5,ped
7022,14,392.0,163.5,ped
7023,14,392.0,163.5,ped
7024,14,392.0,163.5,ped
7025,14,392.0,163.5,ped
7026,14,392.0,163.5,ped
7027,14,392.0,163.5,ped
7028,14,392.0,163.5,ped
7029,14,392.0,163.5,ped
7030,14,392.0,163.5,ped
7031,14,392.0,163.5,ped
7032,14,392.0,163.5,ped
7033,14,392.0,163.5,ped
7034,14,392.0,163.5,ped
7035,14,392.0,163.5,ped
7036,14,392.0,163.5,ped
7037,14,392.0,163.5,ped
7038,14,392.0,163.5,ped
7039,14,392.0,163.5,ped
7040,14,392.0,163.5,ped
7041,14,392.0,163.5,ped
7042,14,391.5,164.0,ped
7043,14,391.5,164.5,ped
7044,14,392.0,164.0,ped
7045,14,392.0,163.5,ped
7046,14,392.0,163.5,ped
7047,14,392.0,163.5,ped
7048,14,392.0,163.5,ped
7049,14,392.0,163.5,ped
7050,14,392.0,163.5,ped
7051,14,392.0,163.5,ped
7052,14,392.0,163.5,ped
7053,14,392.5,163.5,ped
7054,14,392.5,163.5,ped
7055,14,392.0,164.0,ped
7056,14,392.0,164.5,ped
7057,14,392.0,164.0,ped
7058,14,392.0,164.0,ped
7059,14,392.0,164.0,ped
7060,14,392.0,163.5,ped
7061,14,392.0,163.5,ped
7062,14,392.0,164.0,ped
7063,14,392.0,164.0,ped
7064,14,392.0,163.5,ped
7065,14,392.0,163.5,ped
7066,14,392.0,163.0,ped
7067,14,392.0,163.5,ped
7068,14,392.5,164.0,ped
7069,14,392.5,164.0,ped
7070,14,392.5,164.0,ped
7071,14,392.5,164.0,ped
7072,14,393.0,163.5,ped
7073,14,392.5,164.0,ped
7074,14,393.0,163.5,ped
7075,14,393.0,163.5,ped
7076,14,393.0,163.5,ped
7077,14,393.0,163.5,ped
7078,14,393.0,163.5,ped
7079,14,393.0,163.5,ped
7080,14,392.5,163.5,ped
7081,14,392.5,163.5,ped
7082,14,392.5,163.5,ped
7083,14,392.5,163.5,ped
7084,14,393.0,163.5,ped
7085,14,392.5,164.0,ped
7086,14,392.5,164.5,ped
7087,14,392.5,164.0,ped
7088,14,392.5,164.0,ped
7089,14,392.5,164.0,ped
7090,14,392.5,164.0,ped
7091,14,392.5,164.0,ped
7092,14,392.5,164.0,ped
7093,14,392.5,164.0,ped
7094,14,392.5,164.0,ped
7095,14,392.5,164.0,ped
7096,14,392.5,164.0,ped
7097,14,392.0,164.0,ped
7098,14,392.5,164.0,ped
7099,14,392.5,164.0,ped
7100,14,392.5,164.0,ped
7101,14,392.5,164.0,ped
7102,14,392.5,164.0,ped
7103,14,392.5,164.0,ped
7104,14,392.5,164.0,ped
7105,14,392.5,164.0,ped
7106,14,392.5,164.0,ped
7107,14,392.5,164.0,ped
7108,14,392.5,164.0,ped
7109,14,392.5,164.0,ped
7110,14,392.5,164.0,ped
7111,14,392.5,164.0,ped
7112,14,392.5,164.0,ped
7113,14,392.5,164.0,ped
7114,14,392.0,164.0,ped
7115,14,392.0,163.5,ped
7116,14,391.5,163.5,ped
7117,14,391.5,163.5,ped
7118,14,392.0,163.5,ped
7119,14,392.0,163.5,ped
7120,14,392.0,163.5,ped
7121,14,392.0,163.5,ped
7122,14,392.0,163.5,ped
7123,14,392.0,163.5,ped
7124,14,392.0,163.5,ped
7125,14,392.0,163.5,ped
7126,14,392.0,163.5,ped
7127,14,392.5,163.5,ped
7128,14,392.5,163.0,ped
7129,14,392.5,162.5,ped
7130,14,392.5,163.0,ped
7131,14,392.5,163.5,ped
7132,14,392.5,163.5,ped
7133,14,392.5,163.0,ped
7134,14,392.5,163.0,ped
7135,14,392.5,163.0,ped
7136,14,392.0,163.0,ped
7137,14,392.5,163.5,ped
7138,14,392.5,163.5,ped
7139,14,392.5,163.5,ped
7140,14,392.0,163.5,ped
7141,14,392.0,163.5,ped
7142,14,391.5,163.5,ped
7143,14,391.5,163.5,ped
7144,14,391.5,163.5,ped
7145,14,391.5,163.5,ped
7146,14,391.5,163.5,ped
7147,14,391.0,163.0,ped
7148,14,391.0,163.0,ped
7149,14,391.5,163.0,ped
7150,14,391.0,163.0,ped
7151,14,391.0,163.0,ped
7152,14,391.5,163.0,ped
7153,14,391.5,163.0,ped
7154,14,391.5,163.5,ped
7155,14,391.5,163.5,ped
7156,14,391.0,163.5,ped
7157,14,391.0,163.5,ped
7158,14,391.0,163.5,ped
7159,14,391.0,163.5,ped
7160,14,391.0,163.5,ped
7161,14,391.0,163.5,ped
7162,14,391.0,163.5,ped
7163,14,391.5,163.5,ped
7164,14,391.0,163.5,ped
7165,14,391.0,163.5,ped
7166,14,391.0,163.5,ped
7167,14,391.0,163.5,ped
7168,14,392.0,163.5,ped
7169,14,392.5,163.5,ped
7170,14,392.5,163.5,ped
7171,14,392.0,163.5,ped
7172,14,392.0,163.5,ped
7173,14,392.0,163.5,ped
7174,14,392.0,163.5,ped
7175,14,391.5,163.5,ped
7176,14,391.5,163.5,ped
7177,14,391.5,163.5,ped
7178,14,391.0,163.5,ped
7179,14,391.0,163.5,ped
7180,14,391.0,163.5,ped
7181,14,391.0,163.5,ped
7182,14,391.0,163.5,ped
7183,14,390.5,163.5,ped
7184,14,390.5,163.5,ped
7185,14,389.0,163.5,ped
7186,14,388.5,163.5,ped
7187,14,388.5,163.5,ped
7188,14,388.5,163.5,ped
7189,14,388.5,163.5,ped
7190,14,388.5,163.5,ped
7191,14,388.5,163.5,ped
7192,14,388.0,163.5,ped
7193,14,389.5,163.5,ped
7194,14,390.0,163.5,ped
7195,14,390.5,163.5,ped
7196,14,390.0,163.5,ped
7197,14,390.5,163.5,ped
7198,14,390.5,163.5,ped
7199,14,391.0,163.5,ped
7200,14,392.0,163.5,ped
7201,14,392.0,163.5,ped
7202,14,392.0,163.5,ped
7203,14,391.5,163.5,ped
7204,14,392.0,163.5,ped
7205,14,391.0,163.5,ped
7206,14,390.0,163.5,ped
7207,14,390.0,163.5,ped
7208,14,390.0,163.5,ped
7209,14,390.0,163.5,ped
7210,14,390.0,163.5,ped
7211,14,390.0,163.5,ped
7212,14,390.5,163.5,ped
7213,14,390.0,163.5,ped
7214,14,390.5,163.5,ped
7215,14,391.5,163.5,ped
7216,14,391.0,163.5,ped
7217,14,391.5,163.5,ped
7218,14,391.0,163.5,ped
7219,14,392.0,163.5,ped
7220,14,392.0,163.5,ped
7221,14,392.0,163.5,ped
7222,14,392.0,163.5,ped
7223,14,392.0,163.5,ped
7224,14,391.5,163.5,ped
7225,14,392.5,163.5,ped
7226,14,392.5,163.5,ped
7227,14,392.0,163.5,ped
7228,14,392.0,163.5,ped
7229,14,392.0,163.5,ped
7230,14,392.0,163.5,ped
7231,14,391.5,163.5,ped
7232,14,390.5,163.5,ped
7233,14,390.5,163.5,ped
7234,14,391.0,163.5,ped
7235,14,390.0,163.5,ped
7236,14,390.5,163.5,ped
7237,14,391.0,163.5,ped
7238,14,390.0,163.5,ped
7239,14,390.0,163.5,ped
7240,14,390.0,163.5,ped
7241,14,390.5,163.5,ped
7242,14,390.0,163.5,ped
7243,14,390.0,163.5,ped
7244,14,390.0,163.5,ped
7245,14,390.5,163.5,ped
7246,14,391.5,163.5,ped
7247,14,391.5,163.5,ped
7248,14,391.5,163.5,ped
7249,14,391.0,163.5,ped
7250,14,392.0,163.5,ped
7251,14,392.0,163.5,ped
7252,14,392.0,163.5,ped
7253,14,392.0,163.5,ped
7254,14,392.0,163.5,ped
7255,14,392.0,163.5,ped
7256,14,391.5,163.5,ped
7257,14,392.0,163.5,ped
7258,14,392.0,163.5,ped
7259,14,392.0,163.5,ped
7260,14,392.0,163.5,ped
7261,14,391.5,163.5,ped
7262,14,392.0,163.5,ped
7263,14,391.5,163.5,ped
7264,14,390.5,163.5,ped
7265,14,390.5,163.5,ped
7266,14,391.0,163.5,ped
7267,14,390.0,163.5,ped
7268,14,391.0,163.5,ped
7269,14,392.0,163.5,ped
7270,14,392.0,163.5,ped
7271,14,392.0,163.5,ped
7272,14,392.0,163.5,ped
7273,14,392.0,163.5,ped
